Benchmark,Config,Instability,Time,Average,CI Lower,CI Upper
rxjava#io.reactivex.OperatorFlatMapPerf.flatMapTwoNestedSync#size=1000,"(5, 100)",0.04074032760333006,500,22799.668049584976,22756.359109980312,22845.91057280758
rxjava#io.reactivex.RxVsStreamPerf.rangeFlatMap#times=1000000,"(5, 100)",0.12303012894171592,500,159495899.42857143,159046509.71428573,160357229.71428573
rxjava#io.reactivex.FlatMapJustPerf.flowable#times=1000000,"(5, 100)",0.15179248094790623,500,736369.1706033214,723819.3309196235,745063.6787568042
rxjava#io.reactivex.StrictPerf.internal#count=100&cpu=1,"(5, 100)",0.08328048812289687,500,1072.6376891933237,1071.614896346816,1073.6968496040715
rxjava#io.reactivex.xmapz.ObservableFlatMapMaybeEmptyPerf.observablePlain#count=100000,"(5, 100)",0.0037334862349745505,500,344501.76,344488.16551724134,344524.0055172414
rxjava#io.reactivex.xmapz.FlowableFlatMapMaybeEmptyPerf.flowablePlain#count=1000000,"(5, 100)",0.029662941300655894,500,4571005.077625571,4570799.248949771,4571547.470319635
rxjava#io.reactivex.FlowableFlatMapCompletableAsyncPerf.flatMapCompletable#items=100000&maxConcurrency=256&work=10,"(5, 100)",0.042658575180576586,500,250675200.00000003,249403801.60000002,251920384.00000006
rxjava#io.reactivex.xmapz.FlowableFlatMapCompletablePerf.flowableDedicated#count=10,"(5, 100)",0.11992581431721405,500,1060.2967038560555,1053.7287928759897,1062.9443048236046
rxjava#io.reactivex.XMapYPerf.flowFlatMapMaybeAsFlow1#times=1,"(5, 100)",0.7884397090876121,500,101.535537523337,101.16439272517438,101.88312226745064
rxjava#io.reactivex.XMapYPerf.flowFlatMapCompletableAsFlow0#times=10,"(5, 100)",0.08209871268902036,500,1691.3268088199645,1673.7007407998044,1711.6493491366084
rxjava#io.reactivex.xmapz.FlowableFlatMapMaybeEmptyPerf.flowableDedicated#count=100000,"(5, 100)",0.036501188294986865,500,10962231.652173914,10934806.260869566,10985742.065934068
rxjava#io.reactivex.xmapz.FlowableFlatMapMaybeEmptyPerf.flowableConvert#count=100000,"(5, 100)",0.04120001790275017,500,14645515.130434785,14635067.362318838,14657981.217391305
rxjava#io.reactivex.xmapz.ObservableFlatMapSinglePerf.observablePlain#count=1,"(5, 100)",0.33486392395362036,500,53.67541409143563,53.36372515351775,53.92232825666605
rxjava#io.reactivex.FlowableFlatMapCompletableSyncPerf.flatMapCompletable#items=100&maxConcurrency=256,"(5, 100)",0.04639428440749178,500,10344.966263809136,10299.755949953702,10372.302372996448
rxjava#io.reactivex.FlowableFlatMapCompletableAsyncPerf.flatMapCompletable#items=1000&maxConcurrency=32&work=10,"(5, 100)",0.041887646996425505,500,2517492.3929471034,2509354.345864662,2526947.555555556
rxjava#io.reactivex.FlowableFlatMapCompletableSyncPerf.flatMapCompletable#items=100000&maxConcurrency=128,"(5, 100)",0.03230841008087005,500,9889510.901960786,9862364.862745099,9913942.17821782
rxjava#io.reactivex.XMapYPerf.obsFlatMapMaybe0#times=100,"(5, 100)",0.04910221062347824,500,10768.779181210419,10725.063063173931,10871.23305153512
rxjava#io.reactivex.EachTypeFlatMapPerf.nbpRangeMapJust#times=1000000,"(5, 100)",0.11618032021631093,500,22261851.02222223,21757907.591933396,23541902.88372093
rxjava#io.reactivex.xmapz.FlowableConcatMapMaybeEmptyPerf.flowablePlain#count=10000,"(5, 100)",0.005914843535975527,500,72041.25747505523,72017.7024575122,72066.11074186032
rxjava#io.reactivex.xmapz.FlowableSwitchMapMaybePerf.flowableConvert#count=100000,"(5, 100)",0.02791567342249453,500,13132520.727272727,13118690.077922082,13143585.246753251
rxjava#io.reactivex.xmapz.ObservableSwitchMapMaybeEmptyPerf.observablePlain#count=10,"(5, 100)",0.07846092203263219,500,831.794320326896,829.7337361789664,837.1396802484271
rxjava#io.reactivex.xmapz.FlowableConcatMapCompletablePerf.flowableConvert#count=1,"(5, 100)",0.39418626007344215,500,93.66494422830428,93.36341712738381,94.10517636267474
rxjava#io.reactivex.xmapz.FlowableFlatMapCompletablePerf.flowableDedicated#count=10000,"(5, 100)",0.03988571202524607,500,903974.8860759494,902669.351020842,907377.3647912886
rxjava#io.reactivex.FlatMapJustPerf.observable#times=1000,"(5, 100)",0.12708787900463092,500,646660.5356715823,640780.3363328496,650419.1861040187
rxjava#io.reactivex.OperatorMergePerf.merge1SyncStreamOfN#size=1,"(5, 100)",0.38699106664298644,500,258.80343058449364,258.0642997325494,259.74907828392816
rxjava#io.reactivex.StrictPerf.external#count=1&cpu=1,"(5, 100)",0.3653187512670243,500,155.14469489714082,154.71032555316935,155.5351237962902
rxjava#io.reactivex.FlowableFlatMapCompletableAsyncPerf.flatMapCompletable#items=10000&maxConcurrency=1&work=100,"(5, 100)",0.05538780497423577,500,604241920.0,600834048.0000001,608436224.0
rxjava#io.reactivex.FlowableFlatMapCompletableAsyncPerf.flatMapCompletable#items=100000&maxConcurrency=256&work=1,"(5, 100)",0.04066121600715842,500,254083072.0,252968960.0,255131648.0
rxjava#io.reactivex.xmapz.FlowableSwitchMapCompletablePerf.flowableConvert#count=1000000,"(5, 100)",0.1917612311596991,500,220830105.6,220567961.6,221773824.0
rxjava#io.reactivex.XMapYPerf.flowFlatMapIterableAsFlow0#times=100,"(5, 100)",0.0434539372129463,500,12314.641664490873,12287.955862735418,12340.200736291416
rxjava#io.reactivex.XMapYPerf.flowFlatMapIterable1#times=1,"(5, 100)",0.3308786039364894,500,80.96857259207681,80.43691044223199,81.41696933627274
rxjava#io.reactivex.xmapz.ObservableConcatMapSinglePerf.observableDedicated#count=100,"(5, 100)",0.027553378273728616,500,9533.040689536734,9503.011675696409,9539.625241173993
rxjava#io.reactivex.BlockingPerf.flowableBlockingLast#times=1000,"(5, 100)",0.05795478862633888,500,1485.705652946643,1484.4228502600183,1487.9365256642934
rxjava#io.reactivex.xmapz.ObservableSwitchMapMaybePerf.observablePlain#count=1000,"(5, 100)",0.02961381749110387,500,79897.4351524646,79864.78304987896,79957.56900416265
rxjava#io.reactivex.FlowableFlatMapCompletableAsyncPerf.flatMapCompletable#items=1&maxConcurrency=32&work=100,"(5, 100)",0.12629948777223382,500,52194.8540486314,51531.57717531629,52596.78701422796
rxjava#io.reactivex.xmapz.FlowableSwitchMapCompletablePerf.flowableConvert#count=1,"(5, 100)",0.348844871944593,500,92.53609547685316,92.24583037787545,92.75334650573349
rxjava#io.reactivex.parallel.ParallelPerf.parallel#compute=1000&count=10000&parallelism=4,"(5, 100)",0.15994125503754486,500,9848791.843137257,9487379.320754718,9927244.039603962
rxjava#io.reactivex.xmapz.FlowableSwitchMapMaybeEmptyPerf.flowableDedicated#count=100,"(5, 100)",0.05178817352466396,500,5237.918230532858,5226.266417121003,5249.891444457334
rxjava#io.reactivex.parallel.ParallelPerf.flatMap#compute=1&count=10000&parallelism=2,"(5, 100)",0.05019562138420125,500,328335360.0,325713920.00000006,331284480.0
rxjava#io.reactivex.xmapz.FlowableFlatMapSinglePerf.flowablePlain#count=10,"(5, 100)",0.16336019523513387,500,439.55695801824777,438.8136171428287,440.76477151966
rxjava#io.reactivex.StrictPerf.internal#count=10000&cpu=100,"(5, 100)",0.002927987748033678,500,2766576.44198895,2766485.922651934,2766678.2762430944
rxjava#io.reactivex.EachTypeFlatMapPerf.bpRangeMapJust#times=1000000,"(5, 100)",0.030984670382164264,500,23535806.511627905,23511421.02325581,23564764.27906977
rxjava#io.reactivex.StrictPerf.internal#count=1000&cpu=10000,"(5, 100)",0.0020167279516034196,500,27312570.81081081,27312570.81081081,27313456.43243243
rxjava#io.reactivex.FlowableFlatMapCompletableAsyncPerf.flatMapCompletable#items=100&maxConcurrency=32&work=1,"(5, 100)",0.038805377713455796,500,263365.22930943593,262284.60173273826,264465.1434621493
rxjava#io.reactivex.xmapz.ObservableConcatMapCompletablePerf.observablePlain#count=1,"(5, 100)",0.4049299659355194,500,45.461022130100616,45.18495210955435,45.80109234830837
rxjava#io.reactivex.StrictPerf.internal#count=100000&cpu=1000,"(5, 100)",0.0021938934280738287,500,273154048.00000006,273154048.00000006,273154048.00000006
rxjava#io.reactivex.FlowableFlatMapCompletableSyncPerf.flatMapCompletable#items=1000000&maxConcurrency=128,"(5, 100)",0.0346307805831535,500,100099686.4,99757707.63636366,100466688.0
rxjava#io.reactivex.xmapz.FlowableSwitchMapCompletablePerf.flowablePlain#count=1000,"(5, 100)",0.03155645138575741,500,73417.33441152688,73372.489979214,73461.30822421658
rxjava#io.reactivex.StrictPerf.external#count=100000&cpu=10000,"(5, 100)",0.00854608947231602,500,2642411520.0,2642411520.0,2642411520.0
rxjava#io.reactivex.xmapz.FlowableConcatMapCompletablePerf.flowablePlain#count=10000,"(5, 100)",0.006043217788310284,500,71965.5552453265,71924.6863564328,72006.24030001443
rxjava#io.reactivex.XMapYPerf.obsFlatMapIterable0#times=1000,"(5, 100)",0.06152587369403929,500,1098.1735693432684,1096.7572246628167,1099.5101299235544
rxjava#io.reactivex.FlattenRangePerf.observable#times=100000,"(5, 100)",0.03498566418326168,500,2298011.365517242,2297508.403669725,2298420.965517241
rxjava#io.reactivex.RxVsStreamPerf.rangeFlatMapJust#times=1,"(5, 100)",0.3229361406405067,500,68.3648526508984,68.1082433579713,68.75786914562275
rxjava#io.reactivex.XMapYPerf.flowFlatMapCompletableAsFlow0#times=1,"(5, 100)",0.2979806742891667,500,87.98235768772363,87.64295342724269,88.36117497683676
rxjava#io.reactivex.xmapz.ObservableConcatMapCompletablePerf.observableDedicated#count=1,"(5, 100)",0.45180486179717083,500,47.31238596513479,47.11563407550823,47.65547334586286
rxjava#io.reactivex.XMapYPerf.obsFlatMapMaybeAsObs1#times=1000,"(5, 100)",0.034912858771688454,500,174548.98305676854,174422.80844200484,174666.5174825175
rxjava#io.reactivex.FlattenCrossMapPerf.observable#times=10000,"(5, 100)",0.06266662897607635,500,8471985.898305086,8469564.235294119,8478025.762711864
rxjava#io.reactivex.BinaryFlatMapPerf.maybeFlatMapPublisher#times=1,"(5, 100)",0.3826004918743574,500,106.49476722098235,106.21932856128018,106.77599478225272
rxjava#io.reactivex.parallel.ParallelPerf.groupBy#compute=1000&count=10000&parallelism=3,"(5, 100)",0.0975187749900734,500,16752366.933333334,16682188.8,17132110.101694915
rxjava#io.reactivex.xmapz.ObservableSwitchMapMaybeEmptyPerf.observableConvert#count=1,"(5, 100)",0.8854451703772878,500,99.43379311876073,98.86379312387783,99.86310400041816
rxjava#io.reactivex.FlowableFlatMapCompletableSyncPerf.flatMap#items=100000&maxConcurrency=1,"(5, 100)",0.0387018510418738,500,13001342.33766234,12992086.44155844,13011023.792207792
rxjava#io.reactivex.FlowableFlatMapCompletableAsyncPerf.flatMapCompletable#items=10&maxConcurrency=8&work=1,"(5, 100)",0.06303874131501536,500,34091.93449820801,33856.77706136786,34284.64560674905
rxjava#io.reactivex.XMapYPerf.flowFlatMapFlowable1#times=1000,"(5, 100)",0.006801792129180703,500,22942.645866244144,22937.734033757963,22948.442074808954
rxjava#io.reactivex.StrictPerf.internal#count=100&cpu=100,"(5, 100)",0.003400556665725688,500,27646.065030882157,27642.5187358446,27649.228341609687
rxjava#io.reactivex.XMapYPerf.flowFlatMapIterableAsFlow1#times=100,"(5, 100)",0.03823374635622635,500,15338.941628495431,15309.895755230378,15370.045831997573
rxjava#io.reactivex.xmapz.FlowableConcatMapCompletablePerf.flowablePlain#count=100000,"(5, 100)",0.00960337240062748,500,713726.5371428571,713608.4508453148,713970.239437966
rxjava#io.reactivex.xmapz.FlowableConcatMapMaybeEmptyPerf.flowableDedicated#count=10,"(5, 100)",0.17560517906949658,500,1146.5474643467624,1134.8161062324698,1154.7841034556848
rxjava#io.reactivex.xmapz.ObservableSwitchMapMaybeEmptyPerf.observablePlain#count=1000000,"(5, 100)",0.0631936972538668,500,72810496.0,72679424.0,72885394.2857143
rxjava#io.reactivex.XMapYPerf.flowFlatMapSingleAsFlow1#times=100000,"(5, 100)",0.03520410818840414,500,18437957.81818182,18411445.527272727,18456724.945454545
rxjava#io.reactivex.xmapz.ObservableSwitchMapMaybeEmptyPerf.observableDedicated#count=10000,"(5, 100)",0.03632893647285972,500,413931.11718426505,413684.4503311258,414110.01690140855
rxjava#io.reactivex.xmapz.ObservableFlatMapMaybeEmptyPerf.observableDedicated#count=1,"(5, 100)",0.46089734234631846,500,241.8210877327296,241.0408667403695,242.44413715005237
rxjava#io.reactivex.xmapz.FlowableFlatMapSinglePerf.flowableConvert#count=1000,"(5, 100)",0.03626431123559986,500,184752.70949625602,184666.4586952504,184840.12134665187
rxjava#io.reactivex.XMapYPerf.flowFlatMapCompletable0#times=100000,"(5, 100)",0.04150137313894428,500,9106376.145454545,9092449.745454546,9122770.531380834
rxjava#io.reactivex.CallableAsyncPerf.pipelineMaybe#,"(5, 100)",0.05901566715223568,500,17214.975844517336,17158.748809972265,17258.760954386937
rxjava#io.reactivex.xmapz.ObservableFlatMapSinglePerf.observablePlain#count=10000,"(5, 100)",0.01781896039087639,500,252742.55372945638,252373.9535460641,253126.6228874482
rxjava#io.reactivex.FlowableFlatMapCompletableAsyncPerf.flatMapCompletable#items=100000&maxConcurrency=128&work=1000,"(5, 100)",0.05270316464633981,500,255000576.0,253952000.0,256573440.00000003
rxjava#io.reactivex.XMapYPerf.obsFlatMapObservable1#times=100,"(5, 100)",0.06025797568761914,500,2727.0668261651135,2718.99687739955,2736.8367745772803
rxjava#io.reactivex.FlowableFlatMapCompletableSyncPerf.flatMap#items=1000&maxConcurrency=8,"(5, 100)",0.03403650524952085,500,129476.38662866029,129380.93676350472,129555.05225982111
rxjava#io.reactivex.PublishProcessorPerf.unbounded1#,"(5, 100)",0.07254524435058339,500,46.27692827277124,46.190490109389685,46.38501719964327
rxjava#io.reactivex.xmapz.ObservableSwitchMapCompletablePerf.observablePlain#count=1000,"(5, 100)",0.03509358188498607,500,72879.5901029122,72841.26758097461,72937.16488973274
rxjava#io.reactivex.XMapYPerf.flowFlatMapMaybeAsFlow0#times=100000,"(5, 100)",0.033532316692994585,500,14682319.768115945,14664629.79710145,14703917.778823532
rxjava#io.reactivex.xmapz.ObservableSwitchMapSinglePerf.observablePlain#count=100000,"(5, 100)",0.033266144680694755,500,8035729.408000002,8030978.048,8042905.763840002
rxjava#io.reactivex.FlowableFlatMapCompletableAsyncPerf.flatMapCompletable#items=100000&maxConcurrency=1&work=1,"(5, 100)",0.03207639486441654,500,6006243328.0,5985250836.48,6039797760.000001
rxjava#io.reactivex.XMapYPerf.obsFlatMapIterable0#times=1,"(5, 100)",0.4949968962815796,500,61.601666301015285,61.426776909758196,61.81953932877889
rxjava#io.reactivex.FlowableFlatMapCompletableSyncPerf.flatMap#items=1000&maxConcurrency=1,"(5, 100)",0.03516461701191112,500,130131.9275947389,130024.82540400373,130209.7930675007
rxjava#io.reactivex.xmapz.FlowableFlatMapMaybePerf.flowableDedicated#count=10000,"(5, 100)",0.04170307840315921,500,1106950.803986711,1105806.7256637171,1109244.3063263043
rxjava#io.reactivex.BinaryFlatMapPerf.singleFlatMapHidePublisher#times=1,"(5, 100)",0.42857016429893624,500,95.49594729545194,95.23370980655619,95.77880135906688
rxjava#io.reactivex.XMapYPerf.flowFlatMapFlowable1#times=100000,"(5, 100)",0.003688124580784092,500,2356028.837647059,2355710.795294118,2356216.7717647064
rxjava#io.reactivex.FlowableFlatMapCompletableAsyncPerf.flatMapCompletable#items=10000&maxConcurrency=128&work=1000,"(5, 100)",0.04505914173583526,500,25234636.8,25146572.8,25327206.4
rxjava#io.reactivex.xmapz.FlowableSwitchMapSinglePerf.flowableConvert#count=1000,"(5, 100)",0.03706192274956136,500,130376.25419340958,130305.90272525753,130443.96292912157
rxjava#io.reactivex.xmapz.FlowableConcatMapSinglePerf.flowablePlain#count=1,"(5, 100)",0.4599641214175422,500,61.494302660318986,61.203556129624346,61.793613779333704
rxjava#io.reactivex.xmapz.FlowableFlatMapCompletablePerf.flowablePlain#count=1000000,"(5, 100)",0.3679729972766814,500,5074985.583756346,5074548.954314722,5075214.294416245
rxjava#io.reactivex.xmapz.ObservableFlatMapCompletablePerf.observableDedicated#count=100,"(5, 100)",0.047682819334923694,500,9069.270262767808,9058.617822239397,9083.667537965826
rxjava#io.reactivex.xmapz.FlowableFlatMapSinglePerf.flowablePlain#count=10000,"(5, 100)",0.003956351858321527,500,227591.92894557054,227582.0177636074,227603.64746071515
rxjava#io.reactivex.FlowableFlatMapCompletableAsyncPerf.flatMapCompletable#items=10000&maxConcurrency=1&work=10,"(5, 100)",0.05522469296570477,500,594280448.0,590872576.0,597950464.0
rxjava#io.reactivex.XMapYPerf.flowFlatMapSingle1#times=100000,"(5, 100)",0.03883483040680723,500,11239424.0,11221037.511111112,11252496.683146065
rxjava#io.reactivex.XMapYPerf.obsFlatMapMaybeAsObs0#times=100000,"(5, 100)",0.037263790125229894,500,13670012.540540542,13652300.108108107,13706562.630136985
rxjava#io.reactivex.XMapYPerf.obsFlatMapIterable0#times=100000,"(5, 100)",0.0983181878601401,500,105786.22256125309,105765.74600592969,105831.88511601108
rxjava#io.reactivex.xmapz.FlowableSwitchMapCompletablePerf.flowableDedicated#count=10000,"(5, 100)",0.023060326949934578,500,278571.7490939504,278454.2251950947,278684.64070501126
rxjava#io.reactivex.xmapz.ObservableFlatMapMaybePerf.observablePlain#count=10000,"(5, 100)",0.02504781112140061,500,252724.7211125158,251986.21204129222,253168.18415547983
rxjava#io.reactivex.xmapz.ObservableFlatMapSinglePerf.observableConvert#count=10000,"(5, 100)",0.03557551628601374,500,1750828.3852889668,1745079.998324607,1756407.3159066387
rxjava#io.reactivex.xmapz.FlowableSwitchMapMaybePerf.flowableDedicated#count=1000000,"(5, 100)",0.07580623070751949,500,56857941.33333334,56699553.56444445,57107351.32444445
rxjava#io.reactivex.XMapYPerf.flowFlatMapIterableAsFlow1#times=1,"(5, 100)",0.4050743318141086,500,113.75941009968946,113.31140447701884,114.47184519862492
rxjava#io.reactivex.parallel.ParallelPerf.parallel#compute=10&count=10000&parallelism=3,"(5, 100)",0.12653584344055796,500,2483305.4491315135,2453673.2624097895,2576837.93814433
rxjava#io.reactivex.OperatorMergePerf.mergeNAsyncStreamsOfN#size=1000,"(5, 100)",0.10115408813850778,500,59842078.11764707,59211776.0,60892581.64705882
rxjava#io.reactivex.BlockingPerf.flowableBlockingLast#times=1000000,"(5, 100)",0.1496377994900557,500,1208818.9987908104,1207805.5265700484,1217339.7847954605
rxjava#io.reactivex.FlowableFlatMapCompletableAsyncPerf.flatMapCompletable#items=10000&maxConcurrency=32&work=1,"(5, 100)",0.039896748169468706,500,24796584.585365854,24692670.06439025,24933251.121951222
rxjava#io.reactivex.StrictPerf.external#count=100000&cpu=1000,"(5, 100)",0.0024815356314276857,500,273678336.0,273678336.0,273678336.0
rxjava#io.reactivex.xmapz.FlowableConcatMapCompletablePerf.flowablePlain#count=100,"(5, 100)",0.12951316696772922,500,771.1751969279791,769.2778555927409,773.0849877709893
rxjava#io.reactivex.XMapYPerf.obsFlatMapCompletableAsObs0#times=100000,"(5, 100)",0.024598771748227295,500,13517464.216216216,13510157.837837838,13527206.054054054
rxjava#io.reactivex.xmapz.FlowableSwitchMapMaybeEmptyPerf.flowableDedicated#count=1000000,"(5, 100)",0.056677287082623595,500,41324380.16,41271951.36000001,41422690.713599995
rxjava#io.reactivex.xmapz.FlowableConcatMapMaybePerf.flowablePlain#count=100,"(5, 100)",0.05164799548867033,500,2066.9033881182254,2065.4866988846275,2068.5943768517077
rxjava#io.reactivex.StrictPerf.external#count=100&cpu=1,"(5, 100)",0.03287504586237504,500,2561.608928734596,2560.4526640371814,2564.251824225718
rxjava#io.reactivex.xmapz.FlowableSwitchMapSinglePerf.flowablePlain#count=1000,"(5, 100)",0.032827135962072436,500,83889.70252792476,83838.65167030387,83970.34292818565
rxjava#io.reactivex.FlowableFlatMapCompletableAsyncPerf.flatMapCompletable#items=100000&maxConcurrency=32&work=10,"(5, 100)",0.06317430272096196,500,254214144.00000006,252595404.8,256082083.83999997
rxjava#io.reactivex.xmapz.FlowableConcatMapMaybeEmptyPerf.flowableConvert#count=100000,"(5, 100)",0.04694545319370816,500,10298012.734693876,10289653.55102041,10312123.3814433
rxjava#io.reactivex.FlowableFlatMapCompletableAsyncPerf.flatMapCompletable#items=1&maxConcurrency=32&work=10,"(5, 100)",0.09068194040193932,500,52904.36905376546,52412.08929978464,53286.41734301581
rxjava#io.reactivex.XMapYPerf.obsFlatMapObservable1#times=10000,"(5, 100)",0.02242302136553592,500,252744.8315020971,252353.5349659177,253216.80784067116
rxjava#io.reactivex.xmapz.ObservableConcatMapCompletablePerf.observablePlain#count=1000,"(5, 100)",0.004522523600625939,500,37835.136764955954,37831.3954058496,37839.22829050137
rxjava#io.reactivex.xmapz.FlowableFlatMapMaybeEmptyPerf.flowablePlain#count=10,"(5, 100)",0.2898328175024806,500,228.83702635018966,219.27547517133092,263.7546316137886
rxjava#io.reactivex.FlowableFlatMapCompletableAsyncPerf.flatMapCompletable#items=1&maxConcurrency=1&work=100,"(5, 100)",0.11219917581201225,500,51748.71532419116,51238.78784060196,52525.7194079306
rxjava#io.reactivex.xmapz.ObservableSwitchMapCompletablePerf.observableConvert#count=100000,"(5, 100)",0.021750455787101188,500,9482780.981132075,9477371.16981132,9487727.094339624
rxjava#io.reactivex.BinaryFlatMapPerf.maybeFlattenAsObservable#times=1,"(5, 100)",0.45887255664682597,500,54.46675272580345,54.36034722222223,54.61415733031694
rxjava#io.reactivex.xmapz.ObservableFlatMapMaybePerf.observableConvert#count=100,"(5, 100)",0.035364563545641575,500,17434.78353185651,17399.76917104024,17461.987416136544
rxjava#io.reactivex.CallableAsyncPerf.pipelineObservable#,"(5, 100)",0.04800609994987271,500,18525.600399433082,18484.11721937829,18620.123782673705
rxjava#io.reactivex.XMapYPerf.flowFlatMapMaybeAsFlow1#times=1000000,"(5, 100)",0.08434284038625225,500,186493610.66666666,186209621.33333334,187083434.66666663
rxjava#io.reactivex.XMapYPerf.obsFlatMapSingleAsObs1#times=100000,"(5, 100)",0.03015193208888108,500,17378056.827586208,17356302.83034483,17406022.620689657
rxjava#io.reactivex.xmapz.FlowableConcatMapMaybePerf.flowablePlain#count=1000,"(5, 100)",0.03078283990871213,500,19181.338258929147,19173.676045667005,19191.172259778126
rxjava#io.reactivex.xmapz.FlowableSwitchMapMaybePerf.flowableConvert#count=10,"(5, 100)",0.11295410583676578,500,1496.6436456280014,1477.6118529193598,1506.4676149619295
rxjava#io.reactivex.xmapz.FlowableFlatMapMaybePerf.flowablePlain#count=100000,"(5, 100)",0.0038133105307387983,500,2354563.9152941178,2354101.308235294,2354944.6023529414
rxjava#io.reactivex.StrictPerf.external#count=1000&cpu=10000,"(5, 100)",0.0023995182725284493,500,27315227.67567568,27315227.67567568,27316113.297297303
rxjava#io.reactivex.BinaryFlatMapPerf.singleFlattenAsObservable#times=1000,"(5, 100)",0.03378450023219916,500,7015.854314146887,7011.740144683174,7020.79704797048
rxjava#io.reactivex.XMapYPerf.obsFlatMapObservable1#times=1000,"(5, 100)",0.02705779311596299,500,27732.866035156527,27713.271371783325,27773.94710285556
rxjava#io.reactivex.xmapz.ObservableConcatMapMaybePerf.observableConvert#count=1,"(5, 100)",0.5920559612216845,500,103.22268382780814,102.77063913017162,103.78418430884184
rxjava#io.reactivex.xmapz.FlowableSwitchMapMaybeEmptyPerf.flowableConvert#count=1000,"(5, 100)",0.027301742368051513,500,113148.05752462917,113061.03193372807,113247.74078658054
rxjava#io.reactivex.xmapz.ObservableFlatMapMaybeEmptyPerf.observablePlain#count=10,"(5, 100)",0.3492369425394047,500,153.52302474729305,153.24337297826156,153.8901965393897
rxjava#io.reactivex.xmapz.FlowableConcatMapMaybePerf.flowableConvert#count=1,"(5, 100)",0.5085046583358318,500,129.6113499611793,129.2561743111737,129.91764150169422
rxjava#io.reactivex.FlattenRangePerf.flowable#times=10,"(5, 100)",0.12330128821368096,500,618.0906187220795,615.8596281357053,620.6492252331645
rxjava#io.reactivex.xmapz.FlowableConcatMapMaybePerf.flowableDedicated#count=10000,"(5, 100)",0.010055736038943814,500,954640.1221374047,952652.5561904763,956191.8164435948
rxjava#io.reactivex.xmapz.FlowableFlatMapMaybeEmptyPerf.flowablePlain#count=100000,"(5, 100)",0.04285826307758024,500,458158.78299672494,457446.39468906383,458937.3590449954
rxjava#io.reactivex.BinaryFlatMapPerf.maybeFlattenAsPublisher#times=1000,"(5, 100)",0.026621417299465728,500,9973.038058421109,9967.879168335652,9976.104351988512
rxjava#io.reactivex.xmapz.ObservableFlatMapSinglePerf.observableDedicated#count=1000000,"(5, 100)",0.046181003033289855,500,113035036.44444446,112692792.88888888,113493788.44444443
rxjava#io.reactivex.xmapz.ObservableFlatMapMaybePerf.observablePlain#count=1000,"(5, 100)",0.03702565485838245,500,27810.56140697998,27768.125820870813,27838.232946662203
rxjava#io.reactivex.xmapz.FlowableFlatMapMaybePerf.flowablePlain#count=1,"(5, 100)",0.4613836244631064,500,61.61314610147818,61.30383481173331,61.90383319632107
rxjava#io.reactivex.xmapz.FlowableSwitchMapMaybeEmptyPerf.flowableConvert#count=10,"(5, 100)",0.1645464128761191,500,1325.5366507555243,1317.9402591483422,1334.520317354514
rxjava#io.reactivex.xmapz.ObservableConcatMapMaybeEmptyPerf.observableDedicated#count=10000,"(5, 100)",0.006044561001588497,500,702804.2531645569,702498.5560388751,705910.7585793855
rxjava#io.reactivex.FlattenJustPerf.flowable#times=1,"(5, 100)",0.34066694778940615,500,82.75092947775707,82.08729871539714,83.22840673691795
rxjava#io.reactivex.xmapz.ObservableConcatMapCompletablePerf.observableDedicated#count=100,"(5, 100)",0.024094007531651345,500,4024.1408301384204,4016.856207648651,4027.3763239618465
rxjava#io.reactivex.XMapYPerf.flowFlatMapIterableAsFlow0#times=10,"(5, 100)",0.09245681146453379,500,1522.3098097932207,1503.4470096591588,1561.2424606540862
rxjava#io.reactivex.xmapz.FlowableSwitchMapCompletablePerf.flowableConvert#count=100000,"(5, 100)",0.09675699932202633,500,21958121.739130437,21916447.610434785,21995876.173913047
rxjava#io.reactivex.xmapz.ObservableConcatMapSinglePerf.observableDedicated#count=10,"(5, 100)",0.1635441529459178,500,1089.0886645583205,1085.9257571098324,1092.579646317501
rxjava#io.reactivex.xmapz.ObservableSwitchMapSinglePerf.observablePlain#count=1000,"(5, 100)",0.02477112623442721,500,80105.8229754155,80043.69255429992,80197.74764998544
rxjava#io.reactivex.BinaryFlatMapPerf.completableFlattenAsObservable#times=1,"(5, 100)",0.305957206763004,500,79.67259130564372,78.92547669491526,83.9245807571492
rxjava#io.reactivex.BinaryFlatMapPerf.maybeFlatMapHidePublisher#times=1,"(5, 100)",0.4487667157894031,500,102.3099910005649,102.04518526985845,102.63933930854854
rxjava#io.reactivex.XMapYPerf.obsFlatMapMaybeAsObs1#times=10,"(5, 100)",0.10753558936593395,500,1902.108526539132,1892.5881888691476,1906.564942511836
rxjava#io.reactivex.xmapz.ObservableSwitchMapMaybePerf.observableDedicated#count=1000000,"(5, 100)",0.059920667963864575,500,56058766.22222223,55965914.45333333,56164352.0
rxjava#io.reactivex.ReducePerf.obsMaybe#times=1000,"(5, 100)",0.07137073141398181,500,10442.235004083177,10425.715276822888,10460.430249713267
rxjava#io.reactivex.xmapz.FlowableSwitchMapSinglePerf.flowableConvert#count=100,"(5, 100)",0.04865204501316016,500,13416.588596719692,13396.587837837838,13436.934334355505
rxjava#io.reactivex.xmapz.ObservableSwitchMapMaybeEmptyPerf.observablePlain#count=100,"(5, 100)",0.02828728448524154,500,7434.616943116063,7427.5167968559745,7443.647643987546
rxjava#io.reactivex.XMapYPerf.obsFlatMapIterable0#times=1000000,"(5, 100)",0.3747946553240246,500,1061564.0594479828,1061494.4883227176,1061798.7781509033
rxjava#io.reactivex.xmapz.ObservableFlatMapMaybeEmptyPerf.observableConvert#count=1000000,"(5, 100)",0.0661727746304254,500,136101888.0,135839744.00000003,136380416.0
rxjava#io.reactivex.xmapz.ObservableConcatMapMaybeEmptyPerf.observablePlain#count=1000,"(5, 100)",0.006098341431670707,500,37837.86843205559,37833.06672892449,37842.46833623365
rxjava#io.reactivex.XMapYPerf.flowFlatMapSingle1#times=1,"(5, 100)",0.40053935744074487,500,289.3152814843471,288.76316124920334,290.29745869877956
rxjava#io.reactivex.xmapz.FlowableFlatMapCompletablePerf.flowablePlain#count=1000,"(5, 100)",0.01669932898757279,500,7905.0171220252105,7902.045464633335,7907.74617621034
rxjava#io.reactivex.OperatorFlatMapPerf.flatMapTwoNestedSync#size=1000000,"(5, 100)",0.055079195219488564,500,22995688.727272727,22958824.72727273,23029201.454545457
rxjava#io.reactivex.BinaryFlatMapPerf.maybeFlattenAsObservable#times=1000,"(5, 100)",0.006767557603962551,500,8307.612510319404,8305.188611333324,8310.848852853791
rxjava#io.reactivex.ToFlowablePerf.observableInner#times=1,"(5, 100)",0.2087809231033173,500,341.84167438136205,341.06689536878224,343.0449706155535
rxjava#io.reactivex.ReducePerf.flowMaybe#times=1,"(5, 100)",0.5220085941248217,500,55.229217763177644,55.03402497453186,55.407246363051065
rxjava#io.reactivex.xmapz.FlowableConcatMapMaybePerf.flowablePlain#count=1000000,"(5, 100)",0.04938350773377478,500,18892297.66037736,18885496.75471698,18900335.094339624
rxjava#io.reactivex.xmapz.FlowableConcatMapSinglePerf.flowablePlain#count=100000,"(5, 100)",0.007154284918165317,500,1894066.4242424243,1892772.958469382,1894456.2424242422
rxjava#io.reactivex.FlowableFlatMapCompletableSyncPerf.flatMap#items=100&maxConcurrency=32,"(5, 100)",0.06554063051482932,500,13572.631099095443,13487.614803820568,14015.563341021969
rxjava#io.reactivex.xmapz.ObservableConcatMapMaybePerf.observablePlain#count=100000,"(5, 100)",0.12315950925066671,500,6824883.37414966,6775780.324324324,6874210.332054796
rxjava#io.reactivex.parallel.ParallelPerf.parallel#compute=10000&count=10000&parallelism=4,"(5, 100)",0.02455991187781671,500,70840046.93333334,70722082.13333336,70988595.2
rxjava#io.reactivex.xmapz.ObservableSwitchMapSinglePerf.observableDedicated#count=1000000,"(5, 100)",0.05610029536298124,500,56109738.66666667,56024177.777777776,56228067.55555555
rxjava#io.reactivex.xmapz.FlowableSwitchMapMaybePerf.flowablePlain#count=10000,"(5, 100)",0.025749515430670517,500,838540.0268456376,838025.1198658843,839081.2409834383
rxjava#io.reactivex.xmapz.ObservableConcatMapCompletablePerf.observableConvert#count=10,"(5, 100)",0.11417016459633453,500,718.7899708054167,707.6814580733571,759.7416859285815
rxjava#io.reactivex.FlowableFlatMapCompletableAsyncPerf.flatMapCompletable#items=100&maxConcurrency=128&work=100,"(5, 100)",0.03937085314404572,500,257267.4438722966,255934.44907280355,258073.5823140496
rxjava#io.reactivex.EachTypeFlatMapPerf.bpRangeMapRange#times=1000,"(5, 100)",0.03705290045871212,500,157510.46760208104,157390.75618516566,157687.92323232323
rxjava#io.reactivex.StrictPerf.internal#count=100&cpu=10000,"(5, 100)",0.0021986577366007215,500,2729782.5573770497,2729715.409836066,2729883.278688525
rxjava#io.reactivex.BinaryFlatMapPerf.completableFlatMapObservable#times=1000000,"(5, 100)",0.045736793266704656,500,12472067.160493828,12469033.086419756,12476517.13580247
rxjava#io.reactivex.xmapz.FlowableFlatMapMaybePerf.flowableConvert#count=1000000,"(5, 100)",0.07556459496272207,500,186777600.0,185707178.6666667,188000938.6666667
rxjava#io.reactivex.xmapz.FlowableFlatMapMaybePerf.flowableConvert#count=100,"(5, 100)",0.04369352096632835,500,19016.71032268968,19001.78291936033,19033.035827124608
rxjava#io.reactivex.FlowableFlatMapCompletableSyncPerf.flatMapCompletable#items=100&maxConcurrency=8,"(5, 100)",0.04989401754001595,500,10243.38544511495,10215.732450196707,10287.297000320747
rxjava#io.reactivex.XMapYPerf.flowFlatMapIterable0#times=10,"(5, 100)",0.2914821921332636,500,173.29375515994172,172.90238695226097,173.83559503994596
rxjava#io.reactivex.XMapYPerf.flowFlatMapSingle1#times=10000,"(5, 100)",0.040401336139350534,500,1129606.2192090396,1126699.0033821873,1131864.4258210645
rxjava#io.reactivex.xmapz.FlowableFlatMapMaybePerf.flowablePlain#count=10,"(5, 100)",0.16616315134896034,500,440.3317470480018,439.2307145056309,441.1987560961487
rxjava#io.reactivex.StrictPerf.external#count=10000&cpu=100,"(5, 100)",0.003580101930087563,500,2836938.3342776205,2836857.1104815863,2837007.9836827195
rxjava#io.reactivex.xmapz.ObservableSwitchMapCompletablePerf.observablePlain#count=10,"(5, 100)",0.07959666046442707,500,832.5332098304098,830.8827363222081,836.3494550883054
rxjava#io.reactivex.xmapz.FlowableConcatMapMaybeEmptyPerf.flowableConvert#count=10,"(5, 100)",0.16807453704845013,500,1235.82786893263,1226.1195835058747,1264.94390328418
rxjava#io.reactivex.xmapz.ObservableFlatMapMaybePerf.observableConvert#count=100000,"(5, 100)",0.03548779412420164,500,17442462.89655172,17425231.448275864,17465062.929655176
rxjava#io.reactivex.xmapz.FlowableFlatMapCompletablePerf.flowablePlain#count=1,"(5, 100)",0.5402492863986612,500,42.89953978688333,42.57179487179487,43.15120955519909
rxjava#io.reactivex.FlowableFlatMapCompletableAsyncPerf.flatMapCompletable#items=1000&maxConcurrency=32&work=1000,"(5, 100)",0.03714719047442907,500,2507598.917293233,2498682.8800000004,2519323.727959698
rxjava#io.reactivex.XMapYPerf.flowFlatMapSingleAsFlow1#times=10,"(5, 100)",0.1195070975930053,500,2077.5548616013307,2072.6943058127413,2082.1219950678374
rxjava#io.reactivex.XMapYPerf.flowFlatMapIterableAsFlow1#times=10000,"(5, 100)",0.030154709902301877,500,1474966.2772861356,1473567.670103093,1476302.4638109305
rxjava#io.reactivex.parallel.ParallelPerf.flatMap#compute=1000&count=10000&parallelism=3,"(5, 100)",0.050934114041071274,500,242168627.20000002,240962764.8,243426918.39999998
rxjava#io.reactivex.BlockingPerf.flowableBlockingFirst#times=1000,"(5, 100)",0.41357927940347694,500,102.63106015391412,99.89967744925984,105.90533086705102
rxjava#io.reactivex.EachTypeFlatMapPerf.singleJustMapJust#times=1000000,"(5, 100)",0.4250638477221952,500,87.16900560756669,86.94716312056738,87.46746513545094
rxjava#io.reactivex.xmapz.FlowableConcatMapSinglePerf.flowablePlain#count=10,"(5, 100)",0.15965156331373698,500,365.6292173548736,364.9014269382224,366.5775305849504
rxjava#io.reactivex.xmapz.ObservableConcatMapSinglePerf.observableDedicated#count=1000,"(5, 100)",0.00762853499081358,500,94580.55392831645,94132.76695274924,94691.95052475878
rxjava#io.reactivex.parallel.ParallelPerf.flatMap#compute=1000&count=10000&parallelism=2,"(5, 100)",0.04401767392491834,500,346641749.3333334,344981504.0,349088426.66666675
rxjava#io.reactivex.StrictPerf.external#count=1&cpu=100,"(5, 100)",0.15441105293908036,500,417.45895683592755,416.6326291520055,418.09189229805236
rxjava#io.reactivex.FlowableFlatMapCompletableSyncPerf.flatMap#items=1000000&maxConcurrency=128,"(5, 100)",0.09900004483792485,500,128811008.0,128614400.0,129073152.00000003
rxjava#io.reactivex.OperatorFlatMapPerf.flatMapIntPassthruAsync#size=1000,"(5, 100)",0.040245561949034975,500,2871360.735632184,2864653.174097422,2878099.126436782
rxjava#io.reactivex.xmapz.FlowableFlatMapMaybePerf.flowableDedicated#count=10,"(5, 100)",0.1274085610679041,500,1300.341672836737,1294.6435995041927,1311.0213272085966
rxjava#io.reactivex.xmapz.FlowableConcatMapCompletablePerf.flowableConvert#count=10000,"(5, 100)",0.030362681940486747,500,902143.5379061373,901741.4174932372,902969.1201445349
rxjava#io.reactivex.parallel.ParallelPerf.groupBy#compute=10&count=10000&parallelism=2,"(5, 100)",0.12079933321029306,500,3784285.0909090918,3732074.794029852,3868474.316602316
rxjava#io.reactivex.xmapz.FlowableSwitchMapSinglePerf.flowablePlain#count=1,"(5, 100)",0.4636875950795583,500,61.24884166792815,61.039328332746656,61.53095743843915
rxjava#io.reactivex.FlowableFlatMapCompletableAsyncPerf.flatMapCompletable#items=1000&maxConcurrency=32&work=100,"(5, 100)",0.04756765629181703,500,2540471.228426396,2525742.5454545463,2553479.8367346944
rxjava#io.reactivex.BinaryFlatMapPerf.singleFlattenAsObservable#times=1000000,"(5, 100)",0.13655716905966048,500,9707440.466019418,8539620.037664786,9715236.386796119
rxjava#io.reactivex.xmapz.FlowableConcatMapSinglePerf.flowableDedicated#count=1000,"(5, 100)",0.012441950215542355,500,95434.13004943363,95429.64311818086,95444.29615940707
rxjava#io.reactivex.RxVsStreamPerf.rangeFlatMapJust#times=1000,"(5, 100)",0.029898496123931275,500,24059.5190421129,23944.91123809524,24216.396175908223
rxjava#io.reactivex.xmapz.FlowableFlatMapMaybeEmptyPerf.flowablePlain#count=1000,"(5, 100)",0.012488524864729037,500,7901.236439499305,7892.248185920534,7904.155005291618
rxjava#io.reactivex.StrictPerf.external#count=100000&cpu=100,"(5, 100)",0.002550079310775021,500,28304270.222222224,28303360.0,28305180.444444448
rxjava#io.reactivex.StrictPerf.internal#count=100000&cpu=10,"(5, 100)",0.005481647209533577,500,2803436.6386554623,2803126.828459384,2803717.7366946777
rxjava#io.reactivex.xmapz.FlowableSwitchMapMaybePerf.flowablePlain#count=100,"(5, 100)",0.051335638562163284,500,8432.603774593703,8417.437184201546,8442.693977108505
rxjava#io.reactivex.StrictPerf.external#count=100&cpu=1000,"(5, 100)",0.0026872474761449744,500,274482.67984623834,274476.0721361889,274493.6536670276
rxjava#io.reactivex.StrictPerf.external#count=1&cpu=1000,"(5, 100)",0.027457997373874686,500,2882.857563142371,2881.267375530508,2885.3900519377853
rxjava#io.reactivex.xmapz.FlowableFlatMapSinglePerf.flowableDedicated#count=10000,"(5, 100)",0.04889061532451687,500,1103173.5099337748,1101564.616740088,1106913.382059801
rxjava#io.reactivex.JustAsyncPerf.subscribeOnCompletable#,"(5, 100)",0.16797042513027677,500,10451.70152683356,10121.895445807906,10673.89851511276
rxjava#io.reactivex.FlowableFlatMapCompletableAsyncPerf.flatMapCompletable#items=10000&maxConcurrency=256&work=1,"(5, 100)",0.03718764523882433,500,25305907.200000003,25210060.8,25434112.0
rxjava#io.reactivex.FlowableFlatMapCompletableSyncPerf.flatMapCompletable#items=10000&maxConcurrency=8,"(5, 100)",0.03771217843803938,500,1003749.2974344719,999295.0588611388,1005334.3839195981
rxjava#io.reactivex.xmapz.FlowableConcatMapCompletablePerf.flowableDedicated#count=1000,"(5, 100)",0.017779939620291157,500,75099.70211710173,75087.90979478312,75371.35133750236
rxjava#io.reactivex.xmapz.FlowableSwitchMapCompletablePerf.flowablePlain#count=10,"(5, 100)",0.09323411661347868,500,857.9412694445712,853.3550936816044,868.5152031552882
rxjava#io.reactivex.xmapz.ObservableConcatMapCompletablePerf.observableConvert#count=10000,"(5, 100)",0.06419914881131555,500,637773.6005105296,637016.1070745699,638535.2745849298
rxjava#io.reactivex.XMapYPerf.obsFlatMapIterableAsObs0#times=1000,"(5, 100)",0.03527028354154763,500,103475.47579289979,103369.23355466263,103713.52475864216
rxjava#io.reactivex.RxVsStreamPerf.rangeFlatMap#times=1000,"(5, 100)",0.03083796217166903,500,157683.77886805567,157447.14124082308,157996.54013325044
rxjava#io.reactivex.xmapz.ObservableConcatMapMaybePerf.observableConvert#count=1000000,"(5, 100)",0.1275267321987089,500,79041457.23076925,78849890.46153846,79359054.76923078
rxjava#io.reactivex.FlowableFlatMapCompletableAsyncPerf.flatMapCompletable#items=1000&maxConcurrency=1&work=1,"(5, 100)",0.06596077045006753,500,58108586.66666667,57777247.57333334,58618311.11111112
rxjava#io.reactivex.XMapYPerf.flowFlatMapCompletableAsFlow0#times=1000000,"(5, 100)",0.07782904210707578,500,145901860.5714286,145752064.0,146276352.00000003
rxjava#io.reactivex.FlattenRangePerf.flowable#times=1,"(5, 100)",0.3354088500755121,500,99.7651083401437,99.59006667075336,100.10305357742068
rxjava#io.reactivex.StrictPerf.internal#count=1000000&cpu=10000,"(5, 100)",0.003375300903828903,500,24259854336.0,24259854336.0,24259854336.0
rxjava#io.reactivex.StrictPerf.internal#count=1000000&cpu=10,"(5, 100)",0.0025144177810569076,500,28337948.444444444,28337038.22222222,28339768.888888888
rxjava#io.reactivex.FlowableFlatMapCompletableSyncPerf.flatMapCompletable#items=10&maxConcurrency=256,"(5, 100)",0.13802159016888962,500,1194.954935503465,1188.33469028496,1217.521189053798
rxjava#io.reactivex.xmapz.FlowableSwitchMapCompletablePerf.flowablePlain#count=10000,"(5, 100)",0.035028587113784655,500,730048.4409462926,729552.1635036498,730365.5882066988
rxjava#io.reactivex.RxVsStreamPerf.rangeObservableFlatMap#times=1000000,"(5, 100)",0.13245796675348417,500,133750784.0,133070807.04,134160384.0
rxjava#io.reactivex.RxVsStreamPerf.rangeObservableFlatMap#times=1,"(5, 100)",0.32976098521588926,500,90.40831313439023,90.20763977073824,90.67500941555107
rxjava#io.reactivex.xmapz.FlowableConcatMapSinglePerf.flowableConvert#count=100000,"(5, 100)",0.03290661583368537,500,12708073.316455696,12694903.89873418,12722279.696202535
rxjava#io.reactivex.StrictPerf.external#count=1000&cpu=100,"(5, 100)",0.004725521917218997,500,284073.18703808985,283352.07938758156,284692.99914554256
rxjava#io.reactivex.JustAsyncPerf.pipelineMaybe#,"(5, 100)",0.030700808292046983,500,17146.255420153582,17109.515849730164,17181.649312338275
rxjava#io.reactivex.JustAsyncPerf.pipelineObservable#,"(5, 100)",0.04780433401644704,500,18440.179339118855,18390.429024298057,18491.285092572103
rxjava#io.reactivex.XMapYPerf.flowFlatMapCompletable0#times=100,"(5, 100)",0.04352073691404826,500,9356.78919247115,9346.97590272114,9385.63668703827
rxjava#io.reactivex.XMapYPerf.flowFlatMapSingle1#times=1000,"(5, 100)",0.03612581281250725,500,109738.93175948465,109288.61080726319,111443.82244033014
rxjava#io.reactivex.XMapYPerf.obsFlatMapIterableAsObs0#times=10,"(5, 100)",0.1131366765507955,500,1278.8737777929844,1276.4078770273723,1282.78702597661
rxjava#io.reactivex.xmapz.FlowableSwitchMapCompletablePerf.flowablePlain#count=100,"(5, 100)",0.029733736922634244,500,7330.174884081502,7313.542371906735,7342.214021213981
rxjava#io.reactivex.JustAsyncPerf.observeOnFlowable#,"(5, 100)",0.13079258554282122,500,9716.91339214037,9605.79038859953,9835.2442312984
rxjava#io.reactivex.FlattenRangePerf.flowable#times=1000,"(5, 100)",0.03183642270900707,500,48839.325849837085,48792.73765133555,48893.32585356418
rxjava#io.reactivex.ReducePerf.flowSingle#times=1000000,"(5, 100)",0.19250859098483916,500,7210286.043165468,7190645.02857143,7254609.771594204
rxjava#io.reactivex.xmapz.FlowableSwitchMapMaybeEmptyPerf.flowablePlain#count=100,"(5, 100)",0.032445966057086884,500,7312.7178013933735,7302.367465843215,7338.170081617178
rxjava#io.reactivex.XMapYPerf.obsFlatMapCompletableAsObs0#times=1,"(5, 100)",0.2697803682748328,500,75.48743039447297,75.31689780530496,75.68464470967012
rxjava#io.reactivex.XMapYPerf.obsFlatMapObservable0#times=10000,"(5, 100)",0.005788421673001298,500,34584.555430767046,34580.88163150276,34587.72934413741
rxjava#io.reactivex.StrictPerf.external#count=1000&cpu=10,"(5, 100)",0.011936418481914592,500,34073.49144615212,34062.1747126838,34084.98854632639
rxjava#io.reactivex.xmapz.FlowableSwitchMapMaybeEmptyPerf.flowableConvert#count=10000,"(5, 100)",0.029280115655364723,500,1125691.963963964,1125094.9471316086,1126177.3562615153
rxjava#io.reactivex.ObservableFlatMapPerf.flatMapXRange#count=10,"(5, 100)",0.006641231866517748,500,8660427.034482762,8656401.655172413,8673491.862068966
rxjava#io.reactivex.FlowableFlatMapCompletableAsyncPerf.flatMapCompletable#items=1000000&maxConcurrency=1&work=1,"(5, 100)",0.018083530327566075,500,59793997824.0,59659780096.00001,59995324416.0
rxjava#io.reactivex.xmapz.FlowableConcatMapMaybePerf.flowableDedicated#count=1,"(5, 100)",0.47142848579871943,500,275.62852581116374,274.81954884711183,276.2580795612247
rxjava#io.reactivex.xmapz.ObservableFlatMapSinglePerf.observablePlain#count=10,"(5, 100)",0.16297675293005345,500,380.59056839491905,378.8967647681377,382.0858404454903
rxjava#io.reactivex.StrictPerf.external#count=1000&cpu=1,"(5, 100)",0.009662189289812969,500,24169.15495288559,24147.67660561543,24182.31096056133
rxjava#io.reactivex.xmapz.FlowableConcatMapSinglePerf.flowableDedicated#count=10000,"(5, 100)",0.01650916847725686,500,951826.5295238094,947827.9667867299,952221.0133333334
rxjava#io.reactivex.xmapz.ObservableFlatMapMaybePerf.observableConvert#count=10000,"(5, 100)",0.03433962829282407,500,1750009.6135598205,1746877.8778359513,1752573.309982487
rxjava#io.reactivex.XMapYPerf.obsFlatMapIterableAsObs0#times=1,"(5, 100)",0.3413126364813618,500,57.758210823313895,57.54334869510336,57.99535933737411
rxjava#io.reactivex.BinaryFlatMapPerf.completableFlattenAsPublisher#times=1,"(5, 100)",0.39065237282379583,500,97.91333727078862,97.71020779483972,98.15525226021191
rxjava#io.reactivex.BinaryFlatMapPerf.completableFlatMapObservable#times=1,"(5, 100)",0.30696177529809693,500,84.86891253424231,84.4574226921043,85.29148501844014
rxjava#io.reactivex.xmapz.ObservableFlatMapCompletablePerf.observableConvert#count=10000,"(5, 100)",0.032442428338599755,500,1354202.536585366,1352976.9742895805,1355318.1346341462
rxjava#io.reactivex.xmapz.ObservableFlatMapMaybeEmptyPerf.observableConvert#count=100,"(5, 100)",0.03810504892320511,500,13887.401402430081,13866.659627203222,13913.297779660777
rxjava#io.reactivex.XMapYPerf.obsFlatMapIterable1#times=100,"(5, 100)",0.06820018031228964,500,1649.126207997527,1640.3587174501854,1656.4759646611249
rxjava#io.reactivex.FlowableFlatMapCompletableAsyncPerf.flatMapCompletable#items=100&maxConcurrency=128&work=10,"(5, 100)",0.040342908660219536,500,258331.39639213186,256940.8608896889,259445.4485881538
rxjava#io.reactivex.xmapz.ObservableSwitchMapSinglePerf.observableConvert#count=1,"(5, 100)",0.6788949212690548,500,99.76219364768045,99.47530274059908,99.95634220317325
rxjava#io.reactivex.xmapz.ObservableConcatMapMaybePerf.observablePlain#count=10000,"(5, 100)",0.14916648698745028,500,588204.826368452,587227.6004700353,588958.095462581
rxjava#io.reactivex.xmapz.FlowableSwitchMapMaybeEmptyPerf.flowableDedicated#count=100000,"(5, 100)",0.029230600565649828,500,4147238.310894687,4144077.2231404968,4150599.1701244824
rxjava#io.reactivex.XMapYPerf.flowFlatMapSingle1#times=100,"(5, 100)",0.045955553853232904,500,11187.700841634207,11163.699381078692,11215.945285056361
rxjava#io.reactivex.JustAsyncPerf.subscribeOnObservable#,"(5, 100)",0.14050719831544742,500,11506.808589565106,11380.35841051143,11602.819903040803
rxjava#io.reactivex.xmapz.FlowableConcatMapSinglePerf.flowableConvert#count=1000,"(5, 100)",0.025290725798480126,500,122416.51856292534,122372.60053881948,122489.41014954649
rxjava#io.reactivex.xmapz.ObservableConcatMapMaybePerf.observableConvert#count=10000,"(5, 100)",0.11765536748306768,500,785851.1698113208,784454.7315541602,786824.3587726201
rxjava#io.reactivex.FlowableFlatMapCompletableSyncPerf.flatMapCompletable#items=10000&maxConcurrency=128,"(5, 100)",0.03669098525800022,500,1010374.0767676765,1009412.3734409688,1011545.8433164814
rxjava#io.reactivex.OperatorMergePerf.mergeNSyncStreamsOf1#size=1000,"(5, 100)",0.04636123324577091,500,24409.32019823423,24381.906407087812,24441.461764613905
rxjava#io.reactivex.FlowableFlatMapCompletableSyncPerf.flatMap#items=1000&maxConcurrency=32,"(5, 100)",0.03880102209193052,500,129367.8161434205,129290.97994565923,129423.79796678256
rxjava#io.reactivex.xmapz.ObservableFlatMapCompletablePerf.observableConvert#count=10,"(5, 100)",0.07644869483224842,500,1557.5396023953458,1547.3435663846512,1564.8650047239344
rxjava#io.reactivex.xmapz.FlowableFlatMapCompletablePerf.flowableConvert#count=1,"(5, 100)",0.3766691819602706,500,95.2268720880499,93.83219178082192,96.2722796651896
rxjava#io.reactivex.XMapYPerf.flowFlatMapMaybe1#times=1000,"(5, 100)",0.041460069425210036,500,110299.63042278399,110054.18362838472,110633.85373021223
rxjava#io.reactivex.PublishProcessorPerf.bounded1k#,"(5, 100)",0.05635323533570255,500,2994.2551906247563,2992.9801423754207,2995.541734860884
rxjava#io.reactivex.xmapz.ObservableSwitchMapMaybePerf.observablePlain#count=10000,"(5, 100)",0.02928900411719342,500,802425.8882592974,801877.8082437853,803112.0963855422
rxjava#io.reactivex.XMapYPerf.flowFlatMapIterable1#times=10000,"(5, 100)",0.03670705519274214,500,207509.18272425246,207371.4745797884,207765.9542619543
rxjava#io.reactivex.BinaryFlatMapPerf.singleFlatMapPublisher#times=1000,"(5, 100)",0.007303096868445174,500,7149.581224136216,7147.2123111241435,7151.626379340624
rxjava#io.reactivex.BlockingPerf.flowableBlockingFirst#times=1000000,"(5, 100)",0.573740149385545,500,105.87286499775198,105.01848975695512,106.64061625237197
rxjava#io.reactivex.FlowableFlatMapCompletableAsyncPerf.flatMapCompletable#items=1&maxConcurrency=8&work=1,"(5, 100)",0.09960460183668511,500,53199.71730779937,52522.08382496619,53818.595132102106
rxjava#io.reactivex.FlattenCrossMapPerf.flowable#times=100,"(5, 100)",0.06258441474992049,500,14858240.0,14848963.764705883,14863179.294117646
rxjava#io.reactivex.StrictPerf.external#count=10000&cpu=1000,"(5, 100)",0.0026111375093781494,500,27411760.43243244,27410874.81081081,27412646.05405405
rxjava#io.reactivex.xmapz.FlowableFlatMapMaybeEmptyPerf.flowableConvert#count=1000000,"(5, 100)",0.09099466541991083,500,145489920.0,145302674.28571427,145789513.14285713
rxjava#io.reactivex.FlattenRangePerf.flowable#times=100,"(5, 100)",0.04331143546399759,500,4983.990911053419,4971.528304123056,4998.081793724983
rxjava#io.reactivex.parallel.ParallelPerf.parallel#compute=10&count=10000&parallelism=4,"(5, 100)",0.33858813795919634,500,3288586.1052631577,3172371.5047619054,3470353.723905723
rxjava#io.reactivex.FlowableFlatMapCompletableAsyncPerf.flatMapCompletable#items=1&maxConcurrency=128&work=1,"(5, 100)",0.0970882055386544,500,51432.22572137142,50996.171034482766,51941.02389471679
rxjava#io.reactivex.xmapz.FlowableConcatMapMaybeEmptyPerf.flowableDedicated#count=10000,"(5, 100)",0.008688159489581604,500,773647.8513931888,773616.1486068111,773693.8204334364
rxjava#io.reactivex.XMapYPerf.flowFlatMapFlowable0#times=10,"(5, 100)",0.22047494724226158,500,267.7347455243754,267.1306890491486,268.31761088123255
rxjava#io.reactivex.FlowableFlatMapCompletableAsyncPerf.flatMapCompletable#items=100&maxConcurrency=1&work=10,"(5, 100)",0.061601265742907634,500,5900528.941176471,5863986.900584796,5945986.272189349
rxjava#io.reactivex.xmapz.FlowableFlatMapMaybeEmptyPerf.flowableDedicated#count=1000000,"(5, 100)",0.0375130754377965,500,110493696.0,110310195.2,110585446.4
rxjava#io.reactivex.FlowableFlatMapCompletableAsyncPerf.flatMapCompletable#items=100&maxConcurrency=32&work=10,"(5, 100)",0.03964686241754345,500,260810.4745497259,259973.99375650368,261675.5074279728
rxjava#io.reactivex.xmapz.ObservableConcatMapCompletablePerf.observablePlain#count=100,"(5, 100)",0.01879990028381765,500,3898.1697086596814,3884.536044248061,3902.671432209737
rxjava#io.reactivex.xmapz.FlowableConcatMapMaybePerf.flowableConvert#count=10,"(5, 100)",0.1077093799336715,500,1469.295964270645,1452.648177627748,1495.600938086304
rxjava#io.reactivex.xmapz.FlowableConcatMapMaybeEmptyPerf.flowableConvert#count=100,"(5, 100)",0.04206218310012313,500,10864.407032159308,10849.02242254711,10879.478832322238
rxjava#io.reactivex.xmapz.FlowableSwitchMapSinglePerf.flowablePlain#count=10,"(5, 100)",0.10750150687484943,500,971.2355139105539,962.3731433328126,1003.9831056622045
rxjava#io.reactivex.xmapz.ObservableSwitchMapMaybeEmptyPerf.observableDedicated#count=100000,"(5, 100)",0.028823355320766717,500,4138407.140495868,4135775.206611571,4140159.0267768595
rxjava#io.reactivex.xmapz.ObservableSwitchMapSinglePerf.observableConvert#count=100,"(5, 100)",0.04831665925299602,500,12540.135672938195,12520.796023659299,12569.161966953598
rxjava#io.reactivex.XMapYPerf.flowFlatMapMaybeAsFlow1#times=10000,"(5, 100)",0.0301391155241123,500,1862232.6703910616,1861427.9150837988,1863317.6908752327
rxjava#io.reactivex.xmapz.FlowableSwitchMapCompletablePerf.flowablePlain#count=100000,"(5, 100)",0.019375770537887655,500,7302719.532846714,7298892.3141605845,7307981.547445256
rxjava#io.reactivex.xmapz.ObservableFlatMapCompletablePerf.observableConvert#count=1000,"(5, 100)",0.031451831733940956,500,135524.6042601585,135324.26334326743,135698.95394647465
rxjava#io.reactivex.FlowableFlatMapCompletableSyncPerf.flatMapCompletable#items=10&maxConcurrency=8,"(5, 100)",0.12862405613463349,500,1198.7055674076478,1191.70342605828,1227.055016220834
rxjava#io.reactivex.XMapYPerf.obsFlatMapCompletableAsObs0#times=100,"(5, 100)",0.04306204180542847,500,13895.67481929675,13851.97635211651,13918.508592560363
rxjava#io.reactivex.FlattenRangePerf.observable#times=100,"(5, 100)",0.030541899779269126,500,2430.327699179765,2426.908682042546,2433.9372239353015
rxjava#io.reactivex.StrictPerf.internal#count=100000&cpu=100,"(5, 100)",0.0026628028760489193,500,27611910.918918915,27611025.2972973,27611910.918918923
rxjava#io.reactivex.xmapz.ObservableFlatMapMaybePerf.observableConvert#count=1000,"(5, 100)",0.031137020564535434,500,175462.5573309921,175325.6645614035,175694.23597678918
rxjava#io.reactivex.XMapYPerf.obsFlatMapMaybe0#times=10000,"(5, 100)",0.04201668458763874,500,1036284.2860103627,1035069.4824016562,1037634.9211618258
rxjava#io.reactivex.XMapYPerf.flowFlatMapFlowable0#times=100,"(5, 100)",0.07627252277105748,500,1320.7848084911689,1319.348181959571,1323.1742587377837
rxjava#io.reactivex.XMapYPerf.obsFlatMapCompletable0#times=100,"(5, 100)",0.04970431288863221,500,9101.949639039696,9082.27748272099,9122.149961120773
rxjava#io.reactivex.xmapz.ObservableFlatMapSinglePerf.observableConvert#count=100,"(5, 100)",0.046568510081010796,500,17290.641650246103,17274.334774637657,17318.47712688948
rxjava#io.reactivex.xmapz.ObservableSwitchMapMaybePerf.observableDedicated#count=100000,"(5, 100)",0.03787984262479527,500,5623232.7191011235,5620770.516853931,5626017.078651685
rxjava#io.reactivex.xmapz.ObservableFlatMapCompletablePerf.observableDedicated#count=1,"(5, 100)",0.2524246050244297,500,210.24709565396256,208.6751743135061,211.70396601231937
rxjava#io.reactivex.XMapYPerf.obsFlatMapMaybeAsObs0#times=100,"(5, 100)",0.041200266187600816,500,13916.787379623398,13895.718720860075,13947.796932956877
rxjava#io.reactivex.xmapz.FlowableFlatMapMaybeEmptyPerf.flowableDedicated#count=1000,"(5, 100)",0.0325480850630536,500,106051.8552307674,105960.67790857992,106243.45725223311
rxjava#io.reactivex.xmapz.FlowableFlatMapCompletablePerf.flowablePlain#count=10,"(5, 100)",0.2620840265384569,500,268.79462815699833,266.79857398744934,270.56516398476845
rxjava#io.reactivex.BinaryFlatMapPerf.maybeFlattenAsObservable#times=1000000,"(5, 100)",0.144802060366282,500,9642614.153846156,7245972.405797102,9646788.923076924
rxjava#io.reactivex.xmapz.ObservableConcatMapCompletablePerf.observableConvert#count=100000,"(5, 100)",0.024297016322292465,500,6332104.911392405,6319097.559748428,6343044.860759494
rxjava#io.reactivex.xmapz.ObservableSwitchMapCompletablePerf.observableConvert#count=1000000,"(5, 100)",0.06777146002836795,500,94490996.36363636,94353966.54545453,94610152.72727272
rxjava#io.reactivex.FlowableFlatMapCompletableSyncPerf.flatMap#items=1000000&maxConcurrency=8,"(5, 100)",0.09871839456662146,500,129179648.00000003,128958464.0,129572864.0
rxjava#io.reactivex.FlowableFlatMapCompletableAsyncPerf.flatMapCompletable#items=10000&maxConcurrency=128&work=100,"(5, 100)",0.04273454195338479,500,24892091.317073174,24812568.975609757,25051136.0
rxjava#io.reactivex.xmapz.ObservableSwitchMapSinglePerf.observableDedicated#count=100000,"(5, 100)",0.021837843953980352,500,5624866.516853933,5622427.325842697,5628824.564494383
rxjava#io.reactivex.xmapz.FlowableSwitchMapMaybeEmptyPerf.flowablePlain#count=1000,"(5, 100)",0.02153905398936313,500,73513.07908098472,73462.41510565266,73554.28504087795
rxjava#io.reactivex.XMapYPerf.flowFlatMapIterable1#times=100,"(5, 100)",0.06999124158420579,500,2151.3085802488104,2146.7138382668672,2157.7655855437683
rxjava#io.reactivex.FlattenRangePerf.flowable#times=100000,"(5, 100)",0.0272014851450029,500,4632443.259259259,4629977.884444445,4637487.407407407
rxjava#io.reactivex.xmapz.FlowableConcatMapMaybePerf.flowablePlain#count=1,"(5, 100)",0.460741572846771,500,62.37208204456314,61.96213508122074,62.88368176326293
rxjava#io.reactivex.XMapYPerf.flowFlatMapIterableAsFlow1#times=1000000,"(5, 100)",0.09819922827941503,500,149010139.42857143,148747995.42857146,149328457.14285713
rxjava#io.reactivex.FlattenJustPerf.flowable#times=1000000,"(5, 100)",0.10812948049835193,500,21110442.66666667,21089619.62666667,21156522.666666668
rxjava#io.reactivex.XMapYPerf.flowFlatMapFlowable1#times=1000000,"(5, 100)",0.005838980846858758,500,23573146.790697675,23540378.790697675,23583817.346976746
rxjava#io.reactivex.FlowableFlatMapCompletableSyncPerf.flatMap#items=100000&maxConcurrency=8,"(5, 100)",0.02714241544932573,500,12935483.076923076,12924350.35897436,12944200.205128206
rxjava#io.reactivex.XMapYPerf.obsFlatMapObservable0#times=100,"(5, 100)",0.13453462738158908,500,460.89993931022843,460.4227725433985,461.6841769111479
rxjava#io.reactivex.xmapz.ObservableFlatMapCompletablePerf.observableConvert#count=1000000,"(5, 100)",0.09284616646548031,500,136159232.0,135471104.0,136822784.00000003
rxjava#io.reactivex.CallableAsyncPerf.subscribeOnFlowable#,"(5, 100)",0.13201179176143232,500,10076.79796578307,9869.530757139708,10193.593657159532
rxjava#io.reactivex.xmapz.FlowableConcatMapMaybePerf.flowableDedicated#count=1000000,"(5, 100)",0.012131498665470123,500,94473122.90909092,94359924.36363636,94550574.54545456
rxjava#io.reactivex.FlowableFlatMapCompletableAsyncPerf.flatMapCompletable#items=10&maxConcurrency=1&work=1000,"(5, 100)",0.07115052579561218,500,623850.9063670412,618104.1632653063,629600.9056932668
rxjava#io.reactivex.FlowableFlatMapCompletableSyncPerf.flatMapCompletable#items=1000&maxConcurrency=256,"(5, 100)",0.038936359556630766,500,99812.10171817796,99680.68067630105,99938.79187756327
rxjava#io.reactivex.xmapz.ObservableSwitchMapMaybeEmptyPerf.observableDedicated#count=10,"(5, 100)",0.22382332268993504,500,630.0330728599336,626.9103720500528,632.2926411179699
rxjava#io.reactivex.XMapYPerf.flowFlatMapFlowable1#times=10000,"(5, 100)",0.007203517404876957,500,227840.05838084378,227684.73182957392,228386.39140964134
rxjava#io.reactivex.XMapYPerf.obsFlatMapMaybe0#times=1000,"(5, 100)",0.0388924366521853,500,105739.95470420152,105627.57034894337,105876.41326692804
rxjava#io.reactivex.XMapYPerf.flowFlatMapCompletable0#times=10000,"(5, 100)",0.045531165578835645,500,912424.6423357665,910925.4061930784,913552.9497716896
rxjava#io.reactivex.FlowableFlatMapCompletableAsyncPerf.flatMapCompletable#items=10000&maxConcurrency=32&work=100,"(5, 100)",0.04894793849753093,500,24871311.609756105,24736643.121951215,24995434.496
rxjava#io.reactivex.FlowableFlatMapCompletableAsyncPerf.flatMapCompletable#items=100&maxConcurrency=1&work=100,"(5, 100)",0.05922003416035028,500,5899998.870588236,5858789.05263158,5934861.6331360955
rxjava#io.reactivex.FlattenCrossMapPerf.observable#times=1000,"(5, 100)",0.06835206006760507,500,8256360.918032786,8253473.573770491,8263019.900826447
rxjava#io.reactivex.FlowableFlatMapCompletableAsyncPerf.flatMapCompletable#items=10000&maxConcurrency=8&work=1000,"(5, 100)",0.07987149692614555,500,27229322.378378384,27050659.869132288,27470211.459459465
rxjava#io.reactivex.FlowableFlatMapCompletableAsyncPerf.flatMapCompletable#items=10&maxConcurrency=8&work=1000,"(5, 100)",0.07693227920822852,500,39246.98399949047,39011.451181356766,39721.80819241403
rxjava#io.reactivex.xmapz.ObservableSwitchMapSinglePerf.observablePlain#count=100,"(5, 100)",0.03296449389044319,500,8168.942263550627,8145.601578976819,8176.480693280153
rxjava#io.reactivex.FlowableFlatMapCompletableAsyncPerf.flatMapCompletable#items=1&maxConcurrency=8&work=100,"(5, 100)",0.08898096569444876,500,51849.83879299776,51444.75391843445,52200.10740165201
rxjava#io.reactivex.xmapz.ObservableSwitchMapMaybeEmptyPerf.observableDedicated#count=1000000,"(5, 100)",0.06281816428372977,500,40903639.04000001,40830232.1664,40991470.3872
rxjava#io.reactivex.XMapYPerf.flowFlatMapMaybe1#times=100000,"(5, 100)",0.051960833202383545,500,11073423.472527474,11056499.34065934,11093408.351648353
rxjava#io.reactivex.FlowableFlatMapCompletableSyncPerf.flatMapCompletable#items=100000&maxConcurrency=256,"(5, 100)",0.03580998974960566,500,9941275.881188119,9925784.079207921,9952874.455445545
rxjava#io.reactivex.EachTypeFlatMapPerf.singleJust#times=1,"(5, 100)",0.315424033542208,500,48.72694101331707,48.61713682468633,48.87723271448451
rxjava#io.reactivex.BinaryFlatMapPerf.maybeFlatMapHidePublisher#times=1000000,"(5, 100)",0.039309957334610256,500,8528913.355932202,8524747.93220339,8532384.542372882
rxjava#io.reactivex.xmapz.ObservableSwitchMapMaybeEmptyPerf.observablePlain#count=100000,"(5, 100)",0.028268763087199132,500,7683095.450381681,7672589.679389314,7687976.513841457
rxjava#io.reactivex.xmapz.FlowableSwitchMapMaybeEmptyPerf.flowableConvert#count=100000,"(5, 100)",0.032748032738846924,500,11258109.123595508,11243750.11235955,11271639.73033708
rxjava#io.reactivex.EachTypeFlatMapPerf.nbpRangeMapJust#times=1000,"(5, 100)",0.03260189000046139,500,25622.611976228873,25596.8114741004,25652.440514306043
rxjava#io.reactivex.xmapz.FlowableConcatMapMaybeEmptyPerf.flowableConvert#count=1000,"(5, 100)",0.032799714825243804,500,105347.06368620836,105278.97492096946,105431.71045689564
rxjava#io.reactivex.xmapz.ObservableConcatMapCompletablePerf.observableDedicated#count=10,"(5, 100)",0.1293347206449847,500,536.9585589598806,535.7509075880492,538.4518406462456
rxjava#io.reactivex.xmapz.ObservableFlatMapCompletablePerf.observablePlain#count=10000,"(5, 100)",0.006048302121201085,500,34590.09940697049,34586.67530881957,34593.25271456511
rxjava#io.reactivex.OperatorMergePerf.mergeNSyncStreamsOf1#size=100,"(5, 100)",0.06196869962950429,500,2679.3315624497363,2678.09412386809,2682.509849985191
rxjava#io.reactivex.FlatMapJustPerf.flowable#times=100000,"(5, 100)",0.14354238859203197,500,724273.007673578,720349.4767801478,730927.04579836
rxjava#io.reactivex.FlowableFlatMapCompletableAsyncPerf.flatMapCompletable#items=100000&maxConcurrency=8&work=1,"(5, 100)",0.08621524849423606,500,309919744.0,307429376.0,313688227.84000003
rxjava#io.reactivex.xmapz.FlowableConcatMapSinglePerf.flowablePlain#count=1000,"(5, 100)",0.010932530506641688,500,19183.17335153211,19172.518194375363,19189.6850173588
rxjava#io.reactivex.FlowableFlatMapCompletableAsyncPerf.flatMapCompletable#items=100&maxConcurrency=256&work=1,"(5, 100)",0.039503777629695765,500,263261.7992094862,261720.1047668937,264001.1235931308
rxjava#io.reactivex.XMapYPerf.flowFlatMapMaybeAsFlow1#times=100000,"(5, 100)",0.031021578519305582,500,18646812.444444448,18629214.814814813,18668050.962962966
rxjava#io.reactivex.xmapz.ObservableFlatMapSinglePerf.observableDedicated#count=1000,"(5, 100)",0.03134988105963348,500,107911.22345957755,107807.54083504154,108092.85643189444
rxjava#io.reactivex.FlowableFlatMapCompletableSyncPerf.flatMapCompletable#items=1000&maxConcurrency=8,"(5, 100)",0.04140499318828468,500,98853.94281191255,98735.3780254966,99040.79936558286
rxjava#io.reactivex.xmapz.FlowableFlatMapMaybeEmptyPerf.flowableDedicated#count=10000,"(5, 100)",0.032988410752439246,500,1103590.4771187785,1101690.7783902977,1107928.7998715297
rxjava#io.reactivex.xmapz.ObservableConcatMapSinglePerf.observableConvert#count=10,"(5, 100)",0.2525049512066416,500,887.7684749645402,884.4934693457551,892.5618606838287
rxjava#io.reactivex.StrictPerf.internal#count=1&cpu=1000,"(5, 100)",0.01649916169964773,500,2797.9639761657727,2796.1554821183745,2799.4123878217547
rxjava#io.reactivex.xmapz.FlowableSwitchMapSinglePerf.flowableDedicated#count=100,"(5, 100)",0.04259019192823717,500,6435.058373104863,6421.312032673153,6454.863739021331
rxjava#io.reactivex.FlatMapJustPerf.flowable#times=10,"(5, 100)",0.13519202325618093,500,721127.6788282029,707072.0030838234,732219.8709677419
rxjava#io.reactivex.ToFlowablePerf.flowableInner#times=1000,"(5, 100)",0.01670279027240389,500,508402.3322688035,507769.8242762824,508751.34045801533
rxjava#io.reactivex.EachTypeFlatMapPerf.nbpRangeMapRange#times=1000000,"(5, 100)",0.03141929846715532,500,132136960.00000003,131842048.0,132669440.0
rxjava#io.reactivex.StrictPerf.internal#count=10&cpu=100,"(5, 100)",0.01902321679734313,500,2852.522123997429,2849.732142992853,2854.957702825889
rxjava#io.reactivex.xmapz.ObservableConcatMapMaybeEmptyPerf.observableDedicated#count=100000,"(5, 100)",0.013770028656106648,500,7025069.650349651,7023236.475524476,7029308.867132868
rxjava#io.reactivex.XMapYPerf.obsFlatMapMaybe1#times=10000,"(5, 100)",0.04461621122643365,500,1139103.1981776766,1138216.7500683374,1140327.3749600914
rxjava#io.reactivex.FlowableFlatMapCompletableSyncPerf.flatMap#items=1000&maxConcurrency=128,"(5, 100)",0.02812107777761667,500,129425.13353192595,129297.32281019536,129565.37378451966
rxjava#io.reactivex.BlockingPerf.flowableBlockingLast#times=1,"(5, 100)",0.32128570043847293,500,74.7569294097299,74.53899021107364,74.95565612496998
rxjava#io.reactivex.XMapYPerf.flowFlatMapIterable1#times=1000,"(5, 100)",0.04641920430794701,500,19476.67222662587,19451.35616438356,19501.4654363828
rxjava#io.reactivex.xmapz.ObservableConcatMapCompletablePerf.observableConvert#count=1,"(5, 100)",0.34971901709087555,500,90.15441663937344,89.84357179691243,90.47461721674038
rxjava#io.reactivex.XMapYPerf.obsFlatMapMaybeAsObs1#times=10000,"(5, 100)",0.03592046420343543,500,1758110.8189806677,1755930.0131929824,1759844.957746479
rxjava#io.reactivex.FlowableFlatMapCompletableSyncPerf.flatMap#items=1000000&maxConcurrency=32,"(5, 100)",0.10514927607454626,500,129998848.0,129351680.0,131112960.0
rxjava#io.reactivex.xmapz.ObservableFlatMapCompletablePerf.observablePlain#count=100000,"(5, 100)",0.0036105290880178082,500,344558.3387374957,344542.8026425284,344589.9480390051
rxjava#io.reactivex.xmapz.FlowableConcatMapSinglePerf.flowableDedicated#count=100000,"(5, 100)",0.009223616203216097,500,9463151.094339624,9459441.50943396,9470956.679245282
rxjava#io.reactivex.xmapz.FlowableConcatMapMaybeEmptyPerf.flowablePlain#count=10,"(5, 100)",0.23316131076432361,500,231.66708157032187,231.2102439940137,232.38118030198365
rxjava#io.reactivex.BinaryFlatMapPerf.maybeFlatMapHideObservable#times=1000,"(5, 100)",0.00499627322095448,500,11060.15989179767,11057.76577340525,11062.52328189604
rxjava#io.reactivex.FlowableFlatMapCompletableAsyncPerf.flatMapCompletable#items=100000&maxConcurrency=1&work=10,"(5, 100)",0.03283891104838423,500,5972688896.0,5955911680.000001,5997854720.0
rxjava#io.reactivex.FlowableFlatMapCompletableSyncPerf.flatMapCompletable#items=1&maxConcurrency=128,"(5, 100)",0.2945621114093106,500,209.00652086929452,207.57955313250187,211.46723530449322
rxjava#io.reactivex.FlowableFlatMapCompletableAsyncPerf.flatMapCompletable#items=10000&maxConcurrency=128&work=10,"(5, 100)",0.04012519029005212,500,25291161.6,25172377.6,25420595.200000007
rxjava#io.reactivex.xmapz.ObservableFlatMapMaybeEmptyPerf.observableConvert#count=1000,"(5, 100)",0.034456754718470255,500,136120.90501240938,135962.7254661767,136323.57402483962
rxjava#io.reactivex.FlowableFlatMapCompletableSyncPerf.flatMapCompletable#items=100&maxConcurrency=128,"(5, 100)",0.04833953584052775,500,10397.778063822017,10373.049487074271,10484.035568274223
rxjava#io.reactivex.FlowableFlatMapCompletableAsyncPerf.flatMapCompletable#items=100000&maxConcurrency=256&work=1000,"(5, 100)",0.04392540136812677,500,254705664.0,253329408.0,255688867.83999997
rxjava#io.reactivex.xmapz.ObservableConcatMapSinglePerf.observablePlain#count=1000,"(5, 100)",0.1301120772900287,500,58686.68014101058,58629.09039680677,58750.75388235296
rxjava#io.reactivex.FlowableFlatMapCompletableAsyncPerf.flatMapCompletable#items=10&maxConcurrency=128&work=100,"(5, 100)",0.07685118454980512,500,35235.84405377963,34976.39263674969,35513.874823054444
rxjava#io.reactivex.XMapYPerf.flowFlatMapMaybeAsFlow0#times=1000,"(5, 100)",0.02807048088420527,500,146437.4782502472,146334.16727698842,146528.67288509998
rxjava#io.reactivex.FlowableFlatMapCompletableAsyncPerf.flatMapCompletable#items=10&maxConcurrency=256&work=100,"(5, 100)",0.0693537078203945,500,35032.09400261684,34747.34872987162,35291.60601390884
rxjava#io.reactivex.RxVsStreamPerf.rangeFlatMap#times=1,"(5, 100)",0.2683371127015699,500,119.64740292503762,119.38052510482812,120.01161594751642
rxjava#io.reactivex.xmapz.FlowableSwitchMapMaybePerf.flowableConvert#count=1,"(5, 100)",0.561762677645374,500,127.43078463395156,127.09657430558741,127.7123538127465
rxjava#io.reactivex.FlowableFlatMapCompletableSyncPerf.flatMapCompletable#items=1&maxConcurrency=1,"(5, 100)",0.29713324682004133,500,220.38011756816803,218.48922250545502,221.99896183786194
rxjava#io.reactivex.parallel.ParallelPerf.groupBy#compute=100&count=10000&parallelism=3,"(5, 100)",0.11080493144400304,500,5316413.355848249,5284226.640842105,5389433.118279571
rxjava#io.reactivex.xmapz.ObservableFlatMapMaybePerf.observableConvert#count=1,"(5, 100)",0.5314453215383099,500,103.86037998058218,103.6343362324385,104.1173885563559
rxjava#io.reactivex.FlowableFlatMapCompletableAsyncPerf.flatMapCompletable#items=100000&maxConcurrency=256&work=100,"(5, 100)",0.04369544451807353,500,255754240.00000003,254574592.0,257064960.00000006
rxjava#io.reactivex.xmapz.ObservableSwitchMapCompletablePerf.observablePlain#count=1,"(5, 100)",0.3797954407792282,500,46.68776197882811,46.01172236979882,49.76919229980495
rxjava#io.reactivex.XMapYPerf.flowFlatMapFlowable1#times=10,"(5, 100)",0.1607601633318982,500,462.0827190168037,461.49828730638876,463.21060851376205
rxjava#io.reactivex.EachTypeFlatMapPerf.singleJustMapJust#times=1000,"(5, 100)",0.4812436626454812,500,87.02516498379497,86.70965333088935,87.37426169178426
rxjava#io.reactivex.xmapz.ObservableConcatMapMaybeEmptyPerf.observablePlain#count=10000,"(5, 100)",0.050239529061209605,500,376245.20481927716,376119.78622506594,376600.4521975123
rxjava#io.reactivex.XMapYPerf.flowFlatMapMaybe0#times=1000000,"(5, 100)",0.03868716548281436,500,108226150.4,107885330.43199998,108534169.6
rxjava#io.reactivex.xmapz.FlowableSwitchMapMaybeEmptyPerf.flowableDedicated#count=1,"(5, 100)",0.6707077821280929,500,178.4796747676295,178.0670576239202,179.00820404207013
rxjava#io.reactivex.xmapz.FlowableFlatMapMaybePerf.flowableConvert#count=1000,"(5, 100)",0.03628635079500128,500,186546.96583908904,186454.599865045,186655.9641389615
rxjava#io.reactivex.xmapz.ObservableSwitchMapSinglePerf.observableConvert#count=10000,"(5, 100)",0.025689477676624595,500,1239164.351920694,1237986.0595394261,1239992.853598015
rxjava#io.reactivex.FlowableFlatMapCompletableAsyncPerf.flatMapCompletable#items=10&maxConcurrency=32&work=1000,"(5, 100)",0.11151784711411503,500,39654.17463806925,39206.72915699923,40231.44696008153
rxjava#io.reactivex.xmapz.ObservableSwitchMapCompletablePerf.observableDedicated#count=1,"(5, 100)",0.4494117200228309,500,47.956714357585895,47.435357118549625,49.087810494019415
rxjava#io.reactivex.JustAsyncPerf.observeOnSingle#,"(5, 100)",0.17486525626558055,500,10941.647080814455,10819.682034834514,11049.444689635466
rxjava#io.reactivex.parallel.ParallelPerf.parallel#compute=100&count=10000&parallelism=2,"(5, 100)",0.06341267146346671,500,4903454.117647059,4860649.631067961,4927924.587192118
rxjava#io.reactivex.xmapz.FlowableSwitchMapMaybePerf.flowableConvert#count=100,"(5, 100)",0.04090049275429057,500,13549.290508611246,13533.146877851857,13581.634339969605
rxjava#io.reactivex.xmapz.ObservableConcatMapMaybeEmptyPerf.observableConvert#count=10,"(5, 100)",0.16505357648656716,500,762.0548249928622,759.0969613476815,766.6692795966941
rxjava#io.reactivex.FlattenCrossMapPerf.observable#times=1000000,"(5, 100)",0.019402543354392145,500,15718912.0,15715712.0,15801353.599999996
rxjava#io.reactivex.FlowableFlatMapCompletableAsyncPerf.flatMapCompletable#items=100&maxConcurrency=32&work=1000,"(5, 100)",0.04205844296532967,500,264968.18724005565,264083.79381443304,266502.77045269427
rxjava#io.reactivex.OperatorMergePerf.mergeTwoAsyncStreamsOfN#size=1,"(5, 100)",0.12827132761659493,500,63058.35441868554,62131.41356204258,64002.68057462384
rxjava#io.reactivex.XMapYPerf.obsFlatMapIterableAsObs0#times=10000,"(5, 100)",0.03179123000960729,500,1023240.1228249746,1022482.8466257672,1023864.7381686999
rxjava#io.reactivex.ReducePerf.flowSingle#times=1000,"(5, 100)",0.08221819445228531,500,7256.463388639155,7237.235627674705,7304.949777852765
rxjava#io.reactivex.FlowableFlatMapCompletableAsyncPerf.flatMapCompletable#items=100&maxConcurrency=8&work=1,"(5, 100)",0.04654398060826787,500,258458.88463528187,257117.26130725676,259779.78037991154
rxjava#io.reactivex.XMapYPerf.obsFlatMapMaybeAsObs0#times=10000,"(5, 100)",0.031311470853838716,500,1363557.2824010917,1361862.8010899182,1366435.6721311477
rxjava#io.reactivex.xmapz.ObservableConcatMapSinglePerf.observablePlain#count=100,"(5, 100)",0.1342700674736254,500,6120.201518424729,6099.392884708854,6142.052545760959
rxjava#io.reactivex.FlattenJustPerf.observable#times=100,"(5, 100)",0.04852345647844031,500,981.2245651022145,979.8685632687357,983.3751329019716
rxjava#io.reactivex.xmapz.ObservableSwitchMapSinglePerf.observablePlain#count=10,"(5, 100)",0.09575560738832598,500,911.8916609086446,904.4916193319302,929.1665525877788
rxjava#io.reactivex.xmapz.FlowableSwitchMapMaybePerf.flowableDedicated#count=1,"(5, 100)",0.44450014611118827,500,206.16232043053853,205.44248638648156,207.0031797176411
rxjava#io.reactivex.XMapYPerf.obsFlatMapIterableAsObs1#times=1000,"(5, 100)",0.0273372953729451,500,118663.87364921032,118487.0788568718,118754.30602329451
rxjava#io.reactivex.ToFlowablePerf.flowableInner#times=1000000,"(5, 100)",0.05100180947593905,500,322830336.0,322437120.0,323485696.00000006
rxjava#io.reactivex.BinaryFlatMapPerf.completableFlattenAsObservable#times=1000000,"(5, 100)",0.028071028671308715,500,7664835.419847328,7663053.190839695,7666961.587786259
rxjava#io.reactivex.FlattenCrossMapPerf.flowable#times=1000000,"(5, 100)",0.10913801012204023,500,28414407.11111111,28340224.0,28479032.88888889
rxjava#io.reactivex.RxVsStreamPerf.rangeObservableFlatMapJust#times=1,"(5, 100)",0.34683970475388826,500,69.30528429067166,69.05456788995019,69.63218180823984
rxjava#io.reactivex.BinaryFlatMapPerf.completableFlatMapPublisher#times=1,"(5, 100)",0.2758369759083686,500,139.21039030023434,138.87349341724143,139.45093309299122
rxjava#io.reactivex.xmapz.FlowableConcatMapSinglePerf.flowableDedicated#count=10,"(5, 100)",0.15456622847461213,500,1261.7640483131731,1254.8303829057163,1282.1832151287317
rxjava#io.reactivex.EachTypeFlatMapPerf.bpRange#times=1,"(5, 100)",0.36006065167082,500,68.26093943706215,67.82480371234652,68.8244775154512
rxjava#io.reactivex.FlowableFlatMapCompletableAsyncPerf.flatMapCompletable#items=100000&maxConcurrency=32&work=100,"(5, 100)",0.07502576630010689,500,252182528.00000003,250609664.0,254312448.0
rxjava#io.reactivex.BinaryFlatMapPerf.maybeFlatMapHideObservable#times=1,"(5, 100)",0.3440187557938571,500,98.97504001322605,98.55857143003935,99.62317403661842
rxjava#io.reactivex.FlowableFlatMapCompletableAsyncPerf.flatMapCompletable#items=10&maxConcurrency=1&work=10,"(5, 100)",0.05268265484780187,500,580526.9446753603,577317.120739457,583885.7570093458
rxjava#io.reactivex.FlattenJustPerf.observable#times=10,"(5, 100)",0.2564370100923862,500,160.62842010800972,159.99288652763886,161.3370025158632
rxjava#io.reactivex.xmapz.ObservableConcatMapMaybePerf.observableConvert#count=100000,"(5, 100)",0.11994936439827775,500,9189469.944954129,9168951.615412842,9207958.311926609
rxjava#io.reactivex.XMapYPerf.obsFlatMapObservable1#times=1000000,"(5, 100)",0.10766865820792129,500,21370313.531914894,21290136.510638297,24634343.024390243
rxjava#io.reactivex.xmapz.FlowableConcatMapMaybePerf.flowableConvert#count=100000,"(5, 100)",0.040708116450140254,500,12893262.76923077,12881394.871794872,12903240.205128204
rxjava#io.reactivex.FlowableFlatMapCompletableAsyncPerf.flatMapCompletable#items=100000&maxConcurrency=8&work=1000,"(5, 100)",0.06234277594415037,500,322437120.0,320339968.00000006,326107136.0
rxjava#io.reactivex.xmapz.FlowableFlatMapMaybePerf.flowableDedicated#count=1000,"(5, 100)",0.0334579198482069,500,108935.82846908123,108685.61927908106,109175.3359076584
rxjava#io.reactivex.xmapz.ObservableConcatMapMaybePerf.observableConvert#count=1000,"(5, 100)",0.11016225394691075,500,78091.47476079363,77994.67333073018,78174.19189231492
rxjava#io.reactivex.FlattenCrossMapPerf.observable#times=100000,"(5, 100)",0.09323418169292019,500,8158332.878048781,8143613.918699186,8186072.4552845545
rxjava#io.reactivex.FlowableFlatMapCompletableAsyncPerf.flatMapCompletable#items=100&maxConcurrency=256&work=100,"(5, 100)",0.05715136471784007,500,257027.22009765572,255666.9629530349,258970.10417206536
rxjava#io.reactivex.XMapYPerf.obsFlatMapIterableAsObs0#times=100,"(5, 100)",0.0485519898357518,500,10972.05652439758,10956.880179371106,11009.586926329499
rxjava#io.reactivex.StrictPerf.external#count=1000000&cpu=1,"(5, 100)",0.003312336752481985,500,23752227.72093024,23749179.534883723,23756800.0
rxjava#io.reactivex.xmapz.FlowableFlatMapMaybeEmptyPerf.flowableConvert#count=10000,"(5, 100)",0.030650706921724325,500,1463598.8521229867,1462933.7076023389,1464447.437774524
rxjava#io.reactivex.FlowableFlatMapCompletableAsyncPerf.flatMapCompletable#items=1&maxConcurrency=8&work=10,"(5, 100)",0.1440396358919937,500,53691.514319963724,53121.157874195684,54395.66171869442
rxjava#io.reactivex.FlattenCrossMapPerf.observable#times=1,"(5, 100)",0.14910310599406879,500,6877745.095890411,6872302.465753424,6882318.588493151
rxjava#io.reactivex.StrictPerf.external#count=1&cpu=10000,"(5, 100)",0.004269929148595048,500,27521.800058431167,27508.30251361312,27527.401674124605
rxjava#io.reactivex.FlowableFlatMapCompletableAsyncPerf.flatMapCompletable#items=1000&maxConcurrency=128&work=1,"(5, 100)",0.04414042557340642,500,2557580.1125319693,2546951.165394403,2569940.433933162
rxjava#io.reactivex.xmapz.FlowableSwitchMapMaybeEmptyPerf.flowablePlain#count=1,"(5, 100)",0.6037116057869437,500,42.09694949499324,41.88630961430518,42.23073467911857
rxjava#io.reactivex.BinaryFlatMapPerf.maybeFlatMapObservable#times=1000000,"(5, 100)",0.01834621278759447,500,7645355.969465649,7640071.816793893,7656205.679389313
rxjava#io.reactivex.xmapz.ObservableFlatMapSinglePerf.observableConvert#count=1000,"(5, 100)",0.032502233287252075,500,177176.17021276598,177076.87400318982,177295.15887375418
rxjava#io.reactivex.XMapYPerf.flowFlatMapCompletable0#times=1000000,"(5, 100)",0.03623595862912679,500,92513000.72727272,92304447.30181819,92655988.36363636
rxjava#io.reactivex.ReducePerf.obsSingle#times=1,"(5, 100)",0.48046793185173137,500,62.90531986100993,62.68395860873983,63.1729063989124
rxjava#io.reactivex.XMapYPerf.obsFlatMapMaybe0#times=10,"(5, 100)",0.1426188787165202,500,1248.495041163137,1242.5830855876477,1258.5903638034536
rxjava#io.reactivex.ReducePerf.flowSingle#times=1,"(5, 100)",0.3730423116616999,500,61.176334315482194,60.924284231121135,61.44923151588179
rxjava#io.reactivex.FlowableFlatMapCompletableSyncPerf.flatMapCompletable#items=10&maxConcurrency=1,"(5, 100)",0.1306604595563159,500,1212.2637886144594,1208.0028877064242,1234.9315083735296
rxjava#io.reactivex.xmapz.ObservableConcatMapMaybeEmptyPerf.observablePlain#count=100,"(5, 100)",0.018841415336473905,500,3874.9214578721812,3870.8003081189354,3891.160036081993
rxjava#io.reactivex.parallel.ParallelPerf.flatMap#compute=1000&count=10000&parallelism=4,"(5, 100)",0.5946151361018523,500,63886904.8888889,57782727.11111111,67882188.8
rxjava#io.reactivex.FlowableFlatMapCompletableAsyncPerf.flatMapCompletable#items=1000&maxConcurrency=8&work=100,"(5, 100)",0.03586774619400996,500,2492022.7431421448,2484137.6079404466,2499404.8
rxjava#io.reactivex.parallel.ParallelPerf.flatMap#compute=100&count=10000&parallelism=3,"(5, 100)",0.08269756821639795,500,227907993.6,226544844.8,229533548.54400003
rxjava#io.reactivex.xmapz.ObservableConcatMapMaybePerf.observablePlain#count=1000000,"(5, 100)",0.14372667857330873,500,63232000.0,62986240.0,63633408.0
rxjava#io.reactivex.XMapYPerf.obsFlatMapIterableAsObs1#times=100000,"(5, 100)",0.04195671748993399,500,11940522.666666668,11922576.335238097,11958373.424761906
rxjava#io.reactivex.BinaryFlatMapPerf.singleFlatMapHideObservable#times=1,"(5, 100)",0.3777626803814395,500,98.27190981542668,97.81374704998748,98.67791045781864
rxjava#io.reactivex.FlattenCrossMapPerf.observable#times=100,"(5, 100)",0.08484748553877511,500,7424227.555555558,7415792.82962963,7440278.869333333
rxjava#io.reactivex.xmapz.FlowableConcatMapCompletablePerf.flowableDedicated#count=10000,"(5, 100)",0.006442175008995738,500,730921.1695906434,730622.6842243666,731349.4893928311
rxjava#io.reactivex.xmapz.FlowableFlatMapCompletablePerf.flowableDedicated#count=1000000,"(5, 100)",0.04225540706334582,500,91613370.1818182,91416762.1818182,91798062.54545456
rxjava#io.reactivex.FlowableFlatMapCompletableAsyncPerf.flatMapCompletable#items=1&maxConcurrency=1&work=10,"(5, 100)",0.1231147676118226,500,51667.59209228691,51130.19808914501,52220.90375255142
rxjava#io.reactivex.xmapz.ObservableFlatMapMaybePerf.observableDedicated#count=1000,"(5, 100)",0.03529675762856477,500,107906.15637149027,107723.06683915481,108046.72271031767
rxjava#io.reactivex.XMapYPerf.flowFlatMapMaybeAsFlow1#times=10,"(5, 100)",0.11744680822372158,500,2105.826877917265,2096.8801543091718,2112.445084290387
rxjava#io.reactivex.FlowableFlatMapCompletableSyncPerf.flatMapCompletable#items=1&maxConcurrency=8,"(5, 100)",0.2706256230266927,500,210.15995393197807,208.9296583920636,212.82559250028999
rxjava#io.reactivex.FlowableFlatMapCompletableAsyncPerf.flatMapCompletable#items=100000&maxConcurrency=8&work=100,"(5, 100)",0.08273358060253029,500,309035008.0,306577408.0,312115691.5199999
rxjava#io.reactivex.FlatMapJustPerf.observable#times=100000,"(5, 100)",0.1302790155285186,500,656513.4778159603,652245.3333333335,659760.2991501415
rxjava#io.reactivex.xmapz.ObservableConcatMapSinglePerf.observableDedicated#count=1000000,"(5, 100)",0.007043809607172377,500,90658133.33333331,90614442.66666669,90740053.33333334
rxjava#io.reactivex.XMapYPerf.flowFlatMapSingleAsFlow1#times=1000000,"(5, 100)",0.0725449494928774,500,185335808.0,184855210.66666663,185925632.00000006
rxjava#io.reactivex.xmapz.ObservableFlatMapMaybeEmptyPerf.observablePlain#count=1,"(5, 100)",0.3881863927226134,500,46.79943316050202,46.278224870386126,47.59983990023534
rxjava#io.reactivex.FlowableFlatMapCompletableSyncPerf.flatMapCompletable#items=1000000&maxConcurrency=8,"(5, 100)",0.03991640969427528,500,100440473.6,100270080.0,100676403.20000002
rxjava#io.reactivex.xmapz.ObservableFlatMapSinglePerf.observablePlain#count=1000000,"(5, 100)",0.10733118304417814,500,21590626.042553194,21298502.80851064,24694284.487804882
rxjava#io.reactivex.FlowableFlatMapCompletableSyncPerf.flatMapCompletable#items=10&maxConcurrency=128,"(5, 100)",0.13427794036537924,500,1183.368794070887,1173.140976891875,1214.5066182833898
rxjava#io.reactivex.xmapz.FlowableFlatMapMaybeEmptyPerf.flowablePlain#count=1,"(5, 100)",0.687363930353804,500,42.59775138673381,42.41362028728517,42.841977856264144
rxjava#io.reactivex.FlattenJustPerf.observable#times=1000,"(5, 100)",0.01250271898120145,500,9129.852287247635,9125.842706797179,9133.66852974745
rxjava#io.reactivex.OperatorMergePerf.oneStreamOfNthatMergesIn1#size=1000000,"(5, 100)",0.042649393538168746,500,25039257.6,24962023.024390247,25102745.6
rxjava#io.reactivex.XMapYPerf.obsFlatMapMaybeAsObs1#times=100000,"(5, 100)",0.02688690836324805,500,17522688.0,17506586.482758626,17543816.174035095
rxjava#io.reactivex.parallel.ParallelPerf.groupBy#compute=1000&count=10000&parallelism=2,"(5, 100)",0.09743061188084541,500,26989190.73684211,26927101.84421053,27049984.0
rxjava#io.reactivex.xmapz.ObservableSwitchMapSinglePerf.observableDedicated#count=100,"(5, 100)",0.036957642062884204,500,6210.762691780151,6194.692108924667,6227.8410734475765
rxjava#io.reactivex.FlowableFlatMapCompletableSyncPerf.flatMapCompletable#items=1&maxConcurrency=32,"(5, 100)",0.26320609652033017,500,214.0070301155203,212.47155623374064,215.91248646697943
rxjava#io.reactivex.xmapz.ObservableSwitchMapCompletablePerf.observableConvert#count=1000,"(5, 100)",0.024678076912738812,500,93591.90556492412,93532.32393970602,93798.55863299222
rxjava#io.reactivex.xmapz.ObservableConcatMapSinglePerf.observableConvert#count=100,"(5, 100)",0.12492538829849029,500,7935.192929236651,7925.918305348699,7948.94259664255
rxjava#io.reactivex.FlowableFlatMapCompletableAsyncPerf.flatMapCompletable#items=1&maxConcurrency=128&work=10,"(5, 100)",0.11142578665770746,500,50984.916380288574,50407.64623720609,51415.86022821411
rxjava#io.reactivex.parallel.ParallelPerf.flatMap#compute=100&count=10000&parallelism=2,"(5, 100)",0.05407575335493192,500,328990720.00000006,326303744.0,331939840.0
rxjava#io.reactivex.xmapz.FlowableSwitchMapMaybeEmptyPerf.flowableDedicated#count=10000,"(5, 100)",0.02316958498020204,500,414960.0597758406,414654.4869348818,415412.3862457508
rxjava#io.reactivex.FlattenCrossMapPerf.flowable#times=100000,"(5, 100)",0.0176837794516544,500,17056021.694915254,17046580.06779661,17065741.016949154
rxjava#io.reactivex.FlattenRangePerf.observable#times=1,"(5, 100)",0.33690163906112697,500,77.6646836313073,76.1992413558333,80.17149619368793
rxjava#io.reactivex.xmapz.ObservableFlatMapCompletablePerf.observablePlain#count=10,"(5, 100)",0.3059806045252324,500,154.5819457260978,154.07304863731548,155.1272361875268
rxjava#io.reactivex.ReducePerf.flowMaybe#times=1000000,"(5, 100)",0.20811330839999978,500,7553362.766917294,7333484.3795620445,7585171.393939394
rxjava#io.reactivex.xmapz.ObservableFlatMapMaybeEmptyPerf.observableDedicated#count=10,"(5, 100)",0.1665185544640427,500,1226.344642606769,1221.913286854194,1236.7220046097254
rxjava#io.reactivex.xmapz.FlowableConcatMapSinglePerf.flowableConvert#count=10,"(5, 100)",0.10624707214707692,500,1454.023321754753,1422.2121445042276,1471.4651019690575
rxjava#io.reactivex.BlockingPerf.observableBlockingFirst#times=1,"(5, 100)",0.35401878644027646,500,76.10927294416439,75.8717949448378,76.31244665914159
rxjava#io.reactivex.XMapYPerf.flowFlatMapFlowable0#times=100000,"(5, 100)",0.05069872979080114,500,507561.7137055838,507524.80812182743,507581.4659898477
rxjava#io.reactivex.xmapz.FlowableConcatMapSinglePerf.flowableDedicated#count=1,"(5, 100)",0.43378676588003473,500,275.2803486102205,274.1091218964086,277.4522749157439
rxjava#io.reactivex.xmapz.ObservableSwitchMapCompletablePerf.observableConvert#count=10000,"(5, 100)",0.02140857931749022,500,947207.7676863421,946676.3296969698,947931.844549763
rxjava#io.reactivex.parallel.ParallelPerf.groupBy#compute=1000&count=10000&parallelism=4,"(5, 100)",0.2000829078315119,500,12101508.626506023,11940473.904761905,12210422.746987954
rxjava#io.reactivex.XMapYPerf.flowFlatMapMaybe0#times=100000,"(5, 100)",0.05512087659755541,500,10797144.086021507,10779703.053763442,10810445.075268816
rxjava#io.reactivex.xmapz.ObservableConcatMapMaybeEmptyPerf.observableConvert#count=1000,"(5, 100)",0.023054450355968096,500,62062.73650201927,62023.11886137698,62109.49790450535
rxjava#io.reactivex.XMapYPerf.flowFlatMapMaybe0#times=10000,"(5, 100)",0.03969479369999061,500,1088818.7538126362,1080605.6129729731,1090395.8473282445
rxjava#io.reactivex.xmapz.ObservableSwitchMapSinglePerf.observableDedicated#count=10,"(5, 100)",0.1387609176340277,500,718.1816319427423,715.4722113368939,721.2034570139951
rxjava#io.reactivex.xmapz.FlowableConcatMapMaybeEmptyPerf.flowableDedicated#count=100000,"(5, 100)",0.007109227969340514,500,7738383.7538461555,7737091.938461538,7740179.692307694
rxjava#io.reactivex.xmapz.FlowableFlatMapCompletablePerf.flowableDedicated#count=100000,"(5, 100)",0.04142312735517752,500,9022344.072072074,9014668.315675676,9029650.45045045
rxjava#io.reactivex.xmapz.ObservableFlatMapMaybePerf.observableDedicated#count=100000,"(5, 100)",0.04149112392466084,500,11264368.179775279,11242460.562696632,11278727.191011235
rxjava#io.reactivex.StrictPerf.external#count=100&cpu=100,"(5, 100)",0.007239846755671707,500,28665.308426588705,28631.35398914735,28700.377670572023
rxjava#io.reactivex.xmapz.ObservableFlatMapSinglePerf.observableDedicated#count=100,"(5, 100)",0.05029127855579699,500,10824.91709414348,10810.428015564205,10837.755654543096
rxjava#io.reactivex.parallel.ParallelPerf.groupBy#compute=10&count=10000&parallelism=4,"(5, 100)",0.08397777463740307,500,23855884.190476194,23548737.488372087,24106910.476190474
rxjava#io.reactivex.XMapYPerf.obsFlatMapMaybe1#times=1000,"(5, 100)",0.039423118794542154,500,106975.34218415417,106821.72271376946,107119.2769944798
rxjava#io.reactivex.FlowableFlatMapCompletableAsyncPerf.flatMapCompletable#items=10&maxConcurrency=32&work=100,"(5, 100)",0.07723083234766387,500,35692.22303678926,35383.19591389324,36006.50755857954
rxjava#io.reactivex.xmapz.FlowableFlatMapSinglePerf.flowablePlain#count=100000,"(5, 100)",0.003973131681060902,500,2354660.2917647064,2354424.1453176467,2354987.971764706
rxjava#io.reactivex.ReducePerf.obsMaybe#times=1,"(5, 100)",0.483680491748957,500,55.5127953188084,55.32355822404805,55.65835841484824
rxjava#io.reactivex.TakeUntilPerf.observable#,"(5, 100)",0.0991813060351659,500,12447.735270202895,12317.86042454202,12655.393580672448
rxjava#io.reactivex.xmapz.FlowableConcatMapSinglePerf.flowablePlain#count=100,"(5, 100)",0.05368498609672462,500,2067.437998261203,2066.206961081055,2068.527734034683
rxjava#io.reactivex.ReducePerf.obsMaybe#times=1000000,"(5, 100)",0.16267742149237505,500,8556018.871794872,8534050.364745764,8574924.5374359
rxjava#io.reactivex.XMapYPerf.flowFlatMapMaybeAsFlow0#times=10,"(5, 100)",0.11211805122640228,500,1710.5358783622182,1698.2284063304498,1716.7723531292427
rxjava#io.reactivex.EachTypeFlatMapPerf.nbpRangeMapRange#times=1000,"(5, 100)",0.03089668972747203,500,134567.7984642328,134446.7757253367,134726.31022390074
rxjava#io.reactivex.xmapz.ObservableFlatMapMaybePerf.observablePlain#count=1,"(5, 100)",0.3791171427521644,500,53.909670711086335,53.71624020568071,54.090317679868555
rxjava#io.reactivex.XMapYPerf.flowFlatMapMaybe1#times=1000000,"(5, 100)",0.048632944778830775,500,113078727.11111113,112445139.62666668,113340907.52000001
rxjava#io.reactivex.xmapz.FlowableConcatMapMaybePerf.flowableDedicated#count=10,"(5, 100)",0.17653601135182576,500,1297.3054566231008,1295.9742244989227,1300.0453163633415
rxjava#io.reactivex.xmapz.FlowableFlatMapCompletablePerf.flowableConvert#count=10000,"(5, 100)",0.033969192230422586,500,1465485.137829912,1464772.7789165447,1466409.9181286553
rxjava#io.reactivex.BlockingGetPerf.flowableBlockingFirst#,"(5, 100)",0.3188220540572845,500,71.1579206896054,71.01287467900784,71.3554107305244
rxjava#io.reactivex.xmapz.FlowableFlatMapCompletablePerf.flowableConvert#count=1000,"(5, 100)",0.039229652166730196,500,146700.12334801763,146597.33234769123,146780.32324419633
rxjava#io.reactivex.FlowableFlatMapCompletableAsyncPerf.flatMapCompletable#items=1000&maxConcurrency=256&work=100,"(5, 100)",0.04856869411685851,500,2521160.2216624687,2500812.8000000003,2534044.840506329
rxjava#io.reactivex.xmapz.ObservableFlatMapCompletablePerf.observableDedicated#count=1000,"(5, 100)",0.03932608520294631,500,90279.94650280138,90133.68448254673,90365.88261955717
rxjava#io.reactivex.parallel.ParallelPerf.flatMap#compute=1&count=10000&parallelism=1,"(5, 100)",0.05516290795834111,500,586153984.0000001,583008256.0,590348288.0
rxjava#io.reactivex.BinaryFlatMapPerf.completableFlatMapPublisher#times=1000000,"(5, 100)",0.0034477742973406007,500,10641146.55319149,10638444.936170213,10644196.765957447
rxjava#io.reactivex.FlowableFlatMapCompletableSyncPerf.flatMapCompletable#items=1&maxConcurrency=256,"(5, 100)",0.3904247199440434,500,213.44184291152348,212.35633961841575,214.67471501660535
rxjava#io.reactivex.StrictPerf.external#count=10000&cpu=10,"(5, 100)",0.014478975042516924,500,352622.11432604096,352592.21453775594,352642.07762879325
rxjava#io.reactivex.xmapz.FlowableSwitchMapMaybePerf.flowableConvert#count=1000000,"(5, 100)",0.07764532422633962,500,131186688.00000003,130826240.0,131891240.96
rxjava#io.reactivex.xmapz.ObservableSwitchMapCompletablePerf.observablePlain#count=100000,"(5, 100)",0.028813796746027395,500,7678092.702290078,7667211.725190841,7685346.9996946575
rxjava#io.reactivex.StrictPerf.internal#count=100000&cpu=1,"(5, 100)",0.016826943893031392,500,907979.6839237057,887146.0798580302,914702.3294419029
rxjava#io.reactivex.xmapz.FlowableConcatMapSinglePerf.flowablePlain#count=10000,"(5, 100)",0.006985944384709306,500,189189.5504639273,188904.81732654106,189228.67878787877
rxjava#io.reactivex.xmapz.FlowableFlatMapMaybePerf.flowableDedicated#count=1,"(5, 100)",0.4925373374517157,500,285.90677494645195,284.3398838486894,289.9889501023139
rxjava#io.reactivex.FlowableFlatMapCompletableSyncPerf.flatMap#items=100&maxConcurrency=1,"(5, 100)",0.06660649280168103,500,13423.443187609302,13385.623633322597,13451.406717540289
rxjava#io.reactivex.xmapz.FlowableConcatMapCompletablePerf.flowablePlain#count=1000000,"(5, 100)",0.009876559174236512,500,7141376.0,7139138.68449848,7143277.7142857155
rxjava#io.reactivex.xmapz.FlowableSwitchMapMaybePerf.flowableDedicated#count=1000,"(5, 100)",0.03021265753218403,500,62423.437070366206,62394.19897444477,62451.53575366631
rxjava#io.reactivex.xmapz.ObservableFlatMapSinglePerf.observableConvert#count=10,"(5, 100)",0.10545923424723601,500,1885.5337723557695,1880.4052302801983,1889.96812720682
rxjava#io.reactivex.XMapYPerf.obsFlatMapObservable1#times=10,"(5, 100)",0.1567935684970912,500,378.4187516000372,376.7774333683173,381.1936285384684
rxjava#io.reactivex.xmapz.ObservableSwitchMapSinglePerf.observablePlain#count=1000000,"(5, 100)",0.0868706812212728,500,80437878.15384616,80281600.0,80624403.69230768
rxjava#io.reactivex.xmapz.FlowableSwitchMapSinglePerf.flowablePlain#count=10000,"(5, 100)",0.03063092398522821,500,838162.8834870076,837668.0201005026,838761.6644295303
rxjava#io.reactivex.StrictPerf.internal#count=10000&cpu=1,"(5, 100)",0.013584363204953608,500,86665.07860489331,86655.18945176959,86676.51336913728
rxjava#io.reactivex.xmapz.ObservableSwitchMapMaybeEmptyPerf.observablePlain#count=10000,"(5, 100)",0.037130077863159604,500,724932.9659173314,724449.5768115942,725936.1120116194
rxjava#io.reactivex.xmapz.ObservableFlatMapMaybePerf.observablePlain#count=1000000,"(5, 100)",0.10571200449200213,500,21531016.170212768,21285256.170212768,24654723.121951222
rxjava#io.reactivex.xmapz.ObservableSwitchMapMaybePerf.observableConvert#count=1,"(5, 100)",0.5341984520088972,500,102.7371446069254,102.50711922600412,103.10624923466266
rxjava#io.reactivex.xmapz.ObservableFlatMapCompletablePerf.observableConvert#count=100000,"(5, 100)",0.034851549851847935,500,13543922.162162162,13534069.621621622,13551782.054054055
rxjava#io.reactivex.xmapz.FlowableFlatMapMaybeEmptyPerf.flowableDedicated#count=10,"(5, 100)",0.13560054871050128,500,1270.386000593876,1264.559004170655,1277.3859204797566
rxjava#io.reactivex.xmapz.FlowableConcatMapMaybeEmptyPerf.flowablePlain#count=100,"(5, 100)",0.11261537410529816,500,770.6695839222577,768.9807657858188,772.7892707696647
rxjava#io.reactivex.xmapz.FlowableSwitchMapCompletablePerf.flowableDedicated#count=1000000,"(5, 100)",0.09134849728454876,500,28299719.111111116,28238734.222222228,28376632.888888888
rxjava#io.reactivex.XMapYPerf.obsFlatMapIterable1#times=10000,"(5, 100)",0.0491164274963457,500,155221.24052206342,155078.5926926043,155343.17259483552
rxjava#io.reactivex.CallableAsyncPerf.subscribeOnObservable#,"(5, 100)",0.13510089489064048,500,11457.480781458748,11337.83428597558,11578.952634396454
rxjava#io.reactivex.FlowableFlatMapCompletableSyncPerf.flatMap#items=1&maxConcurrency=1,"(5, 100)",0.3682081006454722,500,69.1742240856392,68.94088730797839,69.51547879521438
rxjava#io.reactivex.XMapYPerf.flowFlatMapMaybe0#times=1,"(5, 100)",0.4182524834944505,500,274.80830529912885,273.07714802672217,275.5116543792973
rxjava#io.reactivex.xmapz.FlowableConcatMapCompletablePerf.flowableDedicated#count=10,"(5, 100)",0.12226630015980995,500,890.8438242549277,889.0410757145977,893.3688620213187
rxjava#io.reactivex.ObservableFlatMapPerf.flatMapXRange#count=1,"(5, 100)",0.06732251385127148,500,5431362.541950647,5428528.432432434,5439443.47826087
rxjava#io.reactivex.XMapYPerf.flowFlatMapFlowable1#times=100,"(5, 100)",0.05454029862536362,500,3309.0278242349614,3300.173228475893,3325.4749948969184
rxjava#io.reactivex.BlockingGetPerf.observableBlockingFirst#,"(5, 100)",0.2593399497992968,500,76.23485009197263,76.04937097638049,76.46006564249112
rxjava#io.reactivex.ObservableFlatMapPerf.flatMapXRange#count=10000,"(5, 100)",0.02594552255551197,500,10108431.515151516,10096348.72888889,10140703.03030303
rxjava#io.reactivex.XMapYPerf.obsFlatMapCompletable0#times=100000,"(5, 100)",0.03726409652766506,500,9050314.954954956,9022417.873873875,9064558.702702703
rxjava#io.reactivex.xmapz.FlowableSwitchMapSinglePerf.flowablePlain#count=100000,"(5, 100)",0.039203959648266055,500,8396219.733333334,8390894.933333334,8403374.25210084
rxjava#io.reactivex.StrictPerf.external#count=10&cpu=1,"(5, 100)",0.15517400907625029,500,402.6704010813951,401.6676754575588,403.65944593803033
rxjava#io.reactivex.XMapYPerf.flowFlatMapIterableAsFlow0#times=1000,"(5, 100)",0.03985351011842632,500,121166.18600703287,121043.39410852714,121332.39048081594
rxjava#io.reactivex.parallel.ParallelPerf.parallel#compute=1000&count=10000&parallelism=1,"(5, 100)",0.14900241609254866,500,45182085.56521739,44100029.217391305,45823091.43272727
rxjava#io.reactivex.parallel.ParallelPerf.groupBy#compute=100&count=10000&parallelism=2,"(5, 100)",0.11222045838362826,500,5324081.021276597,5172889.07216495,5364051.50802139
rxjava#io.reactivex.parallel.ParallelPerf.parallel#compute=10&count=10000&parallelism=1,"(5, 100)",0.2644278122298818,500,1416840.3399433428,1390072.16689847,1424036.697365018
rxjava#io.reactivex.parallel.ParallelPerf.flatMap#compute=10000&count=10000&parallelism=1,"(5, 100)",0.036711049360158975,500,1174405120.0,1170210816.0,1178599424.0000002
rxjava#io.reactivex.StrictPerf.external#count=1000000&cpu=10000,"(5, 100)",0.002278278118041762,500,24259854336.0,24259854336.0,24259854336.0
rxjava#io.reactivex.XMapYPerf.obsFlatMapSingle1#times=1000000,"(5, 100)",0.05795121746430224,500,112867555.55555557,112277731.55555555,113304462.22222222
rxjava#io.reactivex.xmapz.ObservableSwitchMapCompletablePerf.observableDedicated#count=10,"(5, 100)",0.15341831192167424,500,368.44982879468256,367.8328168044077,369.5718979077121
rxjava#io.reactivex.xmapz.FlowableSwitchMapSinglePerf.flowableConvert#count=1,"(5, 100)",0.4812727407096152,500,128.10274897034645,127.66150881550313,128.6927328560862
rxjava#io.reactivex.EachTypeFlatMapPerf.bpRange#times=1000,"(5, 100)",0.09488365094823138,500,7339.633332540014,7324.200182780635,7379.067863179144
rxjava#io.reactivex.XMapYPerf.obsFlatMapIterableAsObs1#times=10,"(5, 100)",0.11540070543010217,500,1357.465865222455,1319.2163429186166,1365.538598262977
rxjava#io.reactivex.xmapz.ObservableFlatMapCompletablePerf.observableDedicated#count=100000,"(5, 100)",0.034345350336962524,500,8923062.857142858,8909125.86761062,8938789.668571427
rxjava#io.reactivex.xmapz.FlowableConcatMapMaybePerf.flowableDedicated#count=1000,"(5, 100)",0.01463961510301174,500,97949.41201842958,97902.32882618067,97957.7310882751
rxjava#io.reactivex.xmapz.ObservableConcatMapMaybeEmptyPerf.observableConvert#count=1000000,"(5, 100)",0.08152170619946801,500,64843776.0,64696309.76,65099776.0
rxjava#io.reactivex.StrictPerf.external#count=10&cpu=10000,"(5, 100)",0.0029955075136194153,500,273455.3347921225,273449.52297592995,273461.0765864333
rxjava#io.reactivex.StrictPerf.external#count=100&cpu=10,"(5, 100)",0.018408071490452753,500,3552.249271842744,3549.65369280231,3555.3710829185416
rxjava#io.reactivex.xmapz.ObservableConcatMapSinglePerf.observableConvert#count=1000,"(5, 100)",0.11715116054612128,500,77256.1683168317,77196.86133869224,77350.49318463446
rxjava#io.reactivex.FlowableFlatMapCompletableAsyncPerf.flatMapCompletable#items=1000&maxConcurrency=8&work=1,"(5, 100)",0.05088462766516562,500,2476635.2475247527,2465307.0880788183,2492778.6134663345
rxjava#io.reactivex.EachTypeFlatMapPerf.bpRange#times=1000000,"(5, 100)",0.1667369736954398,500,7681844.763358779,7673340.091603052,7689861.907692308
rxjava#io.reactivex.FlowableFlatMapCompletableAsyncPerf.flatMapCompletable#items=1000&maxConcurrency=256&work=10,"(5, 100)",0.049099439925759235,500,2562888.205128205,2550616.7640816327,2572467.0025706943
rxjava#io.reactivex.JustAsyncPerf.observeOnCompletable#,"(5, 100)",0.1593824330078564,500,11441.62566017552,11315.70966487446,11608.520258205912
rxjava#io.reactivex.XMapYPerf.flowFlatMapMaybe1#times=10,"(5, 100)",0.11404213834087971,500,1338.2160770851167,1332.3028003490606,1343.6079950031233
rxjava#io.reactivex.FlowableFlatMapCompletableSyncPerf.flatMap#items=1&maxConcurrency=8,"(5, 100)",0.32558813770197514,500,69.69679748433006,69.48169838945827,70.08671335358729
rxjava#io.reactivex.ToFlowablePerf.observable#times=1000000,"(5, 100)",0.005793109910611632,500,3817612.702290076,3817104.610687023,3818300.580152672
rxjava#io.reactivex.FlattenJustPerf.observable#times=1,"(5, 100)",0.43285839011711646,500,62.86541045474612,62.68886070421446,63.06352716425037
rxjava#io.reactivex.xmapz.FlowableConcatMapSinglePerf.flowableDedicated#count=100,"(5, 100)",0.03025454670440416,500,9846.430431837463,9816.045476962308,9910.932826964165
rxjava#io.reactivex.xmapz.ObservableFlatMapCompletablePerf.observableConvert#count=1,"(5, 100)",0.31971590754577,500,89.94710415515769,89.46076728799164,90.25841283153372
rxjava#io.reactivex.StrictPerf.internal#count=1000000&cpu=100,"(5, 100)",0.0076370168877285104,500,276168704.0,276037632.0,276168704.0
rxjava#io.reactivex.OperatorMergePerf.mergeNSyncStreamsOf1#size=1,"(5, 100)",0.3684534208898127,500,236.1056198443365,235.82039138836723,236.6013473771579
rxjava#io.reactivex.RxVsStreamPerf.range#times=1,"(5, 100)",0.32940198794400344,500,67.86703245607085,67.61606553045317,68.12450488513335
rxjava#io.reactivex.ToFlowablePerf.observableInner#times=1000000,"(5, 100)",0.07383024484652885,500,298582016.0,297795584.00000006,299630592.0
rxjava#io.reactivex.FlowableFlatMapCompletableAsyncPerf.flatMapCompletable#items=10000&maxConcurrency=8&work=100,"(5, 100)",0.0436014885344122,500,26124498.051282052,25991745.64102564,26316584.42105264
rxjava#io.reactivex.xmapz.FlowableFlatMapSinglePerf.flowableConvert#count=100,"(5, 100)",0.03673563923343482,500,18849.363215210615,18825.103939939505,18879.385742743994
rxjava#io.reactivex.XMapYPerf.flowFlatMapIterableAsFlow0#times=10000,"(5, 100)",0.025205342574717172,500,1185761.6322657177,1184605.3854028438,1186440.6851720049
rxjava#io.reactivex.xmapz.ObservableSwitchMapSinglePerf.observableConvert#count=1000000,"(5, 100)",0.07479215218388728,500,123921294.22222224,123630023.11111112,124314546.63111112
rxjava#io.reactivex.FlowableFlatMapCompletableAsyncPerf.flatMapCompletable#items=10000&maxConcurrency=128&work=1,"(5, 100)",0.04336481672577523,500,25151488.0,25067515.904,25283792.895999998
rxjava#io.reactivex.xmapz.ObservableSwitchMapMaybePerf.observableDedicated#count=100,"(5, 100)",0.04889965082829994,500,6248.6104889630205,6232.455124052696,6258.784337815374
rxjava#io.reactivex.FlowableFlatMapCompletableAsyncPerf.flatMapCompletable#items=100&maxConcurrency=1&work=1000,"(5, 100)",0.07526819442796097,500,6201849.679012346,6142718.303803681,6237877.267080747
rxjava#io.reactivex.FlattenJustPerf.flowable#times=10,"(5, 100)",0.21137907616629636,500,328.536853202733,328.0395692910561,329.66247721749687
rxjava#io.reactivex.ToFlowablePerf.observableInner#times=1000,"(5, 100)",0.04554656478444525,500,306260.9213642539,305145.2775572519,311138.49437701114
rxjava#io.reactivex.xmapz.FlowableFlatMapSinglePerf.flowableConvert#count=10,"(5, 100)",0.15555679303009226,500,2153.7822072803165,2113.210066723401,2199.0850274339227
rxjava#io.reactivex.xmapz.ObservableSwitchMapCompletablePerf.observableDedicated#count=100000,"(5, 100)",0.03403777891148281,500,2623235.359580052,2621386.3874345548,2625154.3517060373
rxjava#io.reactivex.BinaryFlatMapPerf.singleFlattenAsPublisher#times=1000000,"(5, 100)",0.02280188399978083,500,9654828.35913084,9353273.420560747,9727642.09708738
rxjava#io.reactivex.xmapz.FlowableFlatMapSinglePerf.flowableConvert#count=10000,"(5, 100)",0.029668045165592252,500,1848056.902033272,1846825.564575646,1849851.268022181
rxjava#io.reactivex.xmapz.ObservableSwitchMapCompletablePerf.observableDedicated#count=10000,"(5, 100)",0.02850402147224028,500,265362.5526944519,265286.92993630574,265480.7260982736
rxjava#io.reactivex.FlattenJustPerf.flowable#times=1000,"(5, 100)",0.06130086365719514,500,20024.352644910705,20003.90410453266,20056.241603723316
rxjava#io.reactivex.FlowableFlatMapCompletableAsyncPerf.flatMapCompletable#items=1&maxConcurrency=256&work=100,"(5, 100)",0.11539135599860967,500,51856.370484352825,51266.7622912951,52767.72191566697
rxjava#io.reactivex.ToFlowablePerf.flowable#times=1,"(5, 100)",0.4182768050720548,500,82.50309865174178,82.17314181658793,82.96071845794393
rxjava#io.reactivex.xmapz.ObservableSwitchMapSinglePerf.observableDedicated#count=1,"(5, 100)",1.1170281256981862,500,65.23965671981409,64.29436155783765,65.83766932249418
rxjava#io.reactivex.xmapz.FlowableFlatMapSinglePerf.flowableDedicated#count=100000,"(5, 100)",0.04408610544429369,500,11113722.311111111,11079723.660659341,11148130.076444443
rxjava#io.reactivex.RangePerf.rangeSync#times=1000,"(5, 100)",0.11325039886510296,500,7323.256586539652,7306.940982675377,7341.006790275598
rxjava#io.reactivex.JustAsyncPerf.pipelineCompletable#,"(5, 100)",0.03166539890354934,500,17228.333937852767,17181.995392814166,17282.065859507686
rxjava#io.reactivex.CallableAsyncPerf.observeOnSingle#,"(5, 100)",0.18930641181994082,500,11480.775479290121,11355.984722103638,11641.79860957894
rxjava#io.reactivex.FlowableFlatMapCompletableAsyncPerf.flatMapCompletable#items=100&maxConcurrency=1&work=1,"(5, 100)",0.06415170278621353,500,5861256.233918129,5808270.057803469,5894627.689411765
rxjava#io.reactivex.XMapYPerf.flowFlatMapCompletableAsFlow0#times=100000,"(5, 100)",0.037106245077999755,500,14669022.608695652,14659287.188405797,14677571.376231883
rxjava#io.reactivex.xmapz.FlowableConcatMapCompletablePerf.flowableConvert#count=100,"(5, 100)",0.029793221551725077,500,9258.364195714139,9247.782617115143,9269.578773532974
rxjava#io.reactivex.xmapz.ObservableFlatMapCompletablePerf.observablePlain#count=100,"(5, 100)",0.15710275156686063,500,465.0369787226859,464.37945533526414,465.83388847555915
rxjava#io.reactivex.BlockingPerf.observableBlockingLast#times=1000000,"(5, 100)",0.1423234030275052,500,1712822.3561643837,1710731.158974359,1714428.926243568
rxjava#io.reactivex.XMapYPerf.obsFlatMapSingle1#times=10,"(5, 100)",0.11286076928425737,500,1313.6091294637445,1302.228863423879,1322.7226982396012
rxjava#io.reactivex.xmapz.FlowableConcatMapMaybePerf.flowableConvert#count=100,"(5, 100)",0.0517651079433764,500,12810.728632865917,12798.475142878326,12826.54942998638
rxjava#io.reactivex.xmapz.FlowableConcatMapMaybeEmptyPerf.flowableDedicated#count=1000000,"(5, 100)",0.01020802229995325,500,76471149.71428572,76344758.85714287,76738045.07428572
rxjava#io.reactivex.ReducePerf.obsSingle#times=1000,"(5, 100)",0.08932771511483634,500,9897.260067865482,9876.931859196324,9926.321835492432
rxjava#io.reactivex.xmapz.FlowableSwitchMapMaybeEmptyPerf.flowableDedicated#count=1000,"(5, 100)",0.023189825278409768,500,42099.87852135203,42063.19410809805,42133.71160838484
rxjava#io.reactivex.FlowableFlatMapCompletableSyncPerf.flatMap#items=10000&maxConcurrency=256,"(5, 100)",0.036110692854951915,500,1293325.247089263,1292355.4728682172,1294269.764553687
rxjava#io.reactivex.xmapz.FlowableFlatMapMaybeEmptyPerf.flowableDedicated#count=100,"(5, 100)",0.04723271507615332,500,10963.02286492971,10930.639011321413,10986.01403913229
rxjava#io.reactivex.XMapYPerf.obsFlatMapIterable1#times=1000,"(5, 100)",0.045967111974648,500,15632.285910949413,15586.137250672331,15699.708648349622
rxjava#io.reactivex.parallel.ParallelPerf.parallel#compute=1000&count=10000&parallelism=2,"(5, 100)",0.1264778169253553,500,23337241.437632136,23282807.06976744,23430644.09302325
rxjava#io.reactivex.XMapYPerf.flowFlatMapIterable0#times=10000,"(5, 100)",0.009471422648199895,500,41543.4787123586,41515.738996784086,41630.86043281784
rxjava#io.reactivex.xmapz.ObservableSwitchMapMaybeEmptyPerf.observableConvert#count=100000,"(5, 100)",0.024240236607143074,500,9607768.896703295,9601180.03809524,9612445.53846154
rxjava#io.reactivex.OperatorFlatMapPerf.flatMapIntPassthruSync#size=1000,"(5, 100)",0.0344135035598557,500,24203.27671429194,24184.376257642136,24223.071033630295
rxjava#io.reactivex.JustAsyncPerf.observeOnMaybe#,"(5, 100)",0.15513224837210282,500,11531.464298370962,11388.355917123587,11622.933100126582
rxjava#io.reactivex.StrictPerf.internal#count=10&cpu=1,"(5, 100)",0.2583772776344933,500,160.2801501326853,159.9243781193502,160.45668390133406
rxjava#io.reactivex.FlowableFlatMapCompletableAsyncPerf.flatMapCompletable#items=1000&maxConcurrency=1&work=1000,"(5, 100)",0.06251071161916363,500,62658560.0,62193663.99999999,63178752.0
rxjava#io.reactivex.JustAsyncPerf.subscribeOnMaybe#,"(5, 100)",0.18181940653554643,500,10619.362048782172,10449.757195499758,10760.259961876012
rxjava#io.reactivex.FlowableFlatMapCompletableSyncPerf.flatMapCompletable#items=100&maxConcurrency=1,"(5, 100)",0.049609495604893535,500,10604.09588081324,10587.509905938961,10643.362489166982
rxjava#io.reactivex.BinaryFlatMapPerf.maybeFlatMapPublisher#times=1000,"(5, 100)",0.00884796386932942,500,7144.170877554139,7140.455714081177,7146.767326976258
rxjava#io.reactivex.XMapYPerf.flowFlatMapIterable0#times=1000,"(5, 100)",0.026345816987721336,500,4252.012129300767,4246.831681290111,4262.476437114527
rxjava#io.reactivex.xmapz.ObservableFlatMapMaybePerf.observableDedicated#count=10,"(5, 100)",0.12569420195591516,500,1264.4263745598037,1254.8393960251688,1294.3215165804972
rxjava#io.reactivex.xmapz.ObservableConcatMapMaybePerf.observableConvert#count=100,"(5, 100)",0.13291434446518913,500,8027.717137470713,7995.379978884729,8035.220424771488
rxjava#io.reactivex.StrictPerf.internal#count=1&cpu=10000,"(5, 100)",0.003200246711423969,500,27384.807845643492,27383.647484875237,27386.323456925347
rxjava#io.reactivex.FlowableFlatMapCompletableSyncPerf.flatMap#items=100000&maxConcurrency=32,"(5, 100)",0.03991201068133935,500,12927081.025641028,12916998.564102564,12937373.53846154
rxjava#io.reactivex.xmapz.ObservableConcatMapMaybePerf.observablePlain#count=10,"(5, 100)",0.2008505697243035,500,714.214905062151,711.9349009495584,717.5198195436031
rxjava#io.reactivex.xmapz.ObservableFlatMapMaybeEmptyPerf.observablePlain#count=100,"(5, 100)",0.1534462836587356,500,464.75342193205495,464.10941366386874,465.3458154114308
rxjava#io.reactivex.StrictPerf.external#count=100000&cpu=10,"(5, 100)",0.006263852246904353,500,3382182.0540540544,3379172.3243243247,3383849.513513514
rxjava#io.reactivex.parallel.ParallelPerf.flatMap#compute=100&count=10000&parallelism=4,"(5, 100)",0.5937287770811458,500,44818075.82608696,44176934.288695656,46262458.18181818
rxjava#io.reactivex.xmapz.FlowableFlatMapSinglePerf.flowableDedicated#count=10,"(5, 100)",0.12247191491440282,500,1306.0752235227856,1295.0839941451943,1325.8074746949524
rxjava#io.reactivex.BinaryFlatMapPerf.maybeFlatMapHidePublisher#times=1000,"(5, 100)",0.021795575180458084,500,8437.313471817768,8423.028600868314,8464.112834285059
rxjava#io.reactivex.xmapz.ObservableConcatMapMaybePerf.observableDedicated#count=1000000,"(5, 100)",0.007575170778405497,500,90658133.33333331,90608981.33333334,90734592.0
rxjava#io.reactivex.XMapYPerf.flowFlatMapIterableAsFlow1#times=100000,"(5, 100)",0.042746399079149476,500,14952478.567164179,14814268.235294119,14979010.865671644
rxjava#io.reactivex.FlowableFlatMapCompletableSyncPerf.flatMapCompletable#items=100&maxConcurrency=32,"(5, 100)",0.060899089927270826,500,10354.195319053124,10303.022059123345,10442.197409157936
rxjava#io.reactivex.xmapz.ObservableSwitchMapSinglePerf.observablePlain#count=1,"(5, 100)",0.3656635340124769,500,53.67990413739801,53.434549684687454,54.03146961277302
rxjava#io.reactivex.ReducePerf.obsSingle#times=1000000,"(5, 100)",0.16293610605953018,500,8007254.016000001,7983168.365714286,8034320.71168
rxjava#io.reactivex.xmapz.ObservableConcatMapMaybeEmptyPerf.observableConvert#count=100000,"(5, 100)",0.025906540323815293,500,6581237.4324045405,6565379.346405229,6610054.736842105
rxjava#io.reactivex.XMapYPerf.flowFlatMapCompletable0#times=1000,"(5, 100)",0.04671900644625884,500,91719.00991553436,91529.54631661135,91895.81676018768
rxjava#io.reactivex.XMapYPerf.obsFlatMapMaybeAsObs0#times=1,"(5, 100)",0.7862728326697158,500,92.35163797848497,92.16396157060572,92.55580161563404
rxjava#io.reactivex.StrictPerf.internal#count=10&cpu=1000,"(5, 100)",0.0032307968541691696,500,27460.729697717605,27457.270626741985,27463.24503701497
rxjava#io.reactivex.FlowableFlatMapCompletableSyncPerf.flatMap#items=1000000&maxConcurrency=256,"(5, 100)",0.10352361367828,500,128851968.0,128516096.00000004,129269760.00000003
rxjava#io.reactivex.XMapYPerf.flowFlatMapMaybeAsFlow1#times=100,"(5, 100)",0.036131182888829175,500,18975.75292074328,18955.75954313195,19001.833276262223
rxjava#io.reactivex.BinaryFlatMapPerf.maybeFlatMapPublisher#times=1000000,"(5, 100)",0.002561630508208124,500,6983480.88888889,6981859.555555556,6984988.444444444
rxjava#io.reactivex.parallel.ParallelPerf.groupBy#compute=1&count=10000&parallelism=4,"(5, 100)",0.06911898298596769,500,24656321.560975615,24463110.243902437,24906876.87804878
rxjava#io.reactivex.xmapz.FlowableSwitchMapSinglePerf.flowableConvert#count=100000,"(5, 100)",0.025827874683650137,500,13014534.64935065,13004853.194805196,13025280.0
rxjava#io.reactivex.CallableAsyncPerf.observeOnCompletable#,"(5, 100)",0.16243073352376006,500,11332.845575996758,11243.542714070038,11457.480790237894
rxjava#io.reactivex.XMapYPerf.flowFlatMapCompletableAsFlow0#times=10000,"(5, 100)",0.027223985540750992,500,1469895.6464378126,1467536.7900529238,1471827.3677761415
rxjava#io.reactivex.FlattenJustPerf.observable#times=1000000,"(5, 100)",0.07598677681363047,500,9234338.055045873,9232459.155963302,9237945.541284405
rxjava#io.reactivex.xmapz.ObservableSwitchMapMaybePerf.observablePlain#count=1000000,"(5, 100)",0.08885374884019377,500,80548785.23076922,80216064.00000001,81667938.46153846
rxjava#io.reactivex.xmapz.FlowableSwitchMapMaybeEmptyPerf.flowableConvert#count=100,"(5, 100)",0.0492289196734336,500,11348.96752427205,11336.005543464915,11365.866690541205
rxjava#io.reactivex.xmapz.ObservableSwitchMapMaybePerf.observableConvert#count=100,"(5, 100)",0.04814350540126592,500,12664.385371378456,12647.60889647921,12689.753361526818
rxjava#io.reactivex.FlowableFlatMapCompletableSyncPerf.flatMapCompletable#items=1000&maxConcurrency=32,"(5, 100)",0.04099966176711892,500,98393.73808903577,98305.25328355984,98462.36326007686
rxjava#io.reactivex.FlowableFlatMapCompletableAsyncPerf.flatMapCompletable#items=100000&maxConcurrency=1&work=100,"(5, 100)",0.03680573535696592,500,5997854720.0,5972688896.0,6039797760.000001
rxjava#io.reactivex.XMapYPerf.obsFlatMapSingle1#times=100000,"(5, 100)",0.041773226912222086,500,11434356.363636365,11387995.229090912,11530852.045977011
rxjava#io.reactivex.PublishProcessorPerf.subject1k#,"(5, 100)",0.03264370860583379,500,14076.621434310477,14069.38074966033,14091.755623452435
rxjava#io.reactivex.xmapz.FlowableFlatMapMaybeEmptyPerf.flowableConvert#count=1,"(5, 100)",0.9165733749476721,500,109.11409229976684,107.90311501323464,112.02235358461273
rxjava#io.reactivex.xmapz.FlowableConcatMapMaybeEmptyPerf.flowableDedicated#count=1,"(5, 100)",0.4373968255940583,500,254.01471869070159,253.0889280802445,255.3895720494258
rxjava#io.reactivex.RxVsStreamPerf.rangeObservableFlatMap#times=1000,"(5, 100)",0.04574161767694597,500,134671.72172037215,134469.06239051346,134834.73866090714
rxjava#io.reactivex.xmapz.FlowableFlatMapSinglePerf.flowableDedicated#count=1,"(5, 100)",0.4548058190667094,500,287.02223355217825,285.82758077722497,287.86443008630005
rxjava#io.reactivex.xmapz.ObservableFlatMapSinglePerf.observableConvert#count=1,"(5, 100)",0.701292977775797,500,100.08115475063627,99.7958875833598,100.40554106723664
rxjava#io.reactivex.BinaryFlatMapPerf.completableFlattenAsPublisher#times=1000000,"(5, 100)",0.035931342485056784,500,7329836.846715327,7045293.070422536,7339015.773430658
rxjava#io.reactivex.parallel.ParallelPerf.parallel#compute=1&count=10000&parallelism=3,"(5, 100)",0.10342957724050451,500,2362280.85106383,2333645.809056489,2430158.793187348
rxjava#io.reactivex.xmapz.FlowableSwitchMapSinglePerf.flowableConvert#count=10,"(5, 100)",0.11512960753649078,500,1484.5666255046153,1456.8707114315894,1494.942382467303
rxjava#io.reactivex.xmapz.FlowableFlatMapMaybeEmptyPerf.flowablePlain#count=100,"(5, 100)",0.10138305813803936,500,1146.4923685378026,1106.012639147099,1172.7666622548356
rxjava#io.reactivex.FlowableFlatMapCompletableSyncPerf.flatMapCompletable#items=100000&maxConcurrency=32,"(5, 100)",0.057547631154564544,500,9197661.94495413,9169252.99082569,9456041.056603774
rxjava#io.reactivex.CallableAsyncPerf.pipelineCompletable#,"(5, 100)",0.06362732250554878,500,17216.00715805967,17158.877688955978,17271.33750326848
rxjava#io.reactivex.StrictPerf.external#count=1000000&cpu=1000,"(5, 100)",0.008250751198489744,500,2650800128.0,2650800128.0,2650800128.0
rxjava#io.reactivex.XMapYPerf.flowFlatMapFlowable0#times=10000,"(5, 100)",0.017987635882024684,500,47860.19393213178,47748.62643239112,48052.96869598618
rxjava#io.reactivex.xmapz.ObservableConcatMapMaybeEmptyPerf.observableDedicated#count=1000000,"(5, 100)",0.007686730778196824,500,67257412.26666667,67248674.13333334,67274888.53333335
rxjava#io.reactivex.xmapz.ObservableConcatMapMaybePerf.observableDedicated#count=100,"(5, 100)",0.027934303506923833,500,9507.569060337188,9466.967107750472,9530.765631977218
rxjava#io.reactivex.XMapYPerf.obsFlatMapMaybe1#times=1000000,"(5, 100)",0.04160088270028685,500,113319025.7777778,113187953.7777778,113479224.88888888
rxjava#io.reactivex.xmapz.ObservableConcatMapSinglePerf.observablePlain#count=10,"(5, 100)",0.20566504637511232,500,714.2148998932923,711.8456949866223,718.3840854897113
rxjava#io.reactivex.FlowableFlatMapCompletableAsyncPerf.flatMapCompletable#items=1000&maxConcurrency=128&work=1000,"(5, 100)",0.03601174930044996,500,2517992.7858942067,2509082.305764411,2526901.01010101
rxjava#io.reactivex.EachTypeFlatMapPerf.bpRangeMapRange#times=1000000,"(5, 100)",0.03284212524848641,500,161817746.28571427,161555602.2857143,162154788.57142857
rxjava#io.reactivex.xmapz.FlowableFlatMapMaybeEmptyPerf.flowableConvert#count=100,"(5, 100)",0.060812067438618216,500,15179.051796186308,15145.295066413662,15204.46449665114
rxjava#io.reactivex.xmapz.FlowableSwitchMapMaybePerf.flowableConvert#count=10000,"(5, 100)",0.02677172985796912,500,1312891.632545932,1311785.6587926508,1314020.7516425755
rxjava#io.reactivex.StrictPerf.internal#count=10&cpu=10,"(5, 100)",0.14165503371036836,500,349.5957096668671,348.98873043694965,350.06769317263104
rxjava#io.reactivex.ObservableFlatMapPerf.flatMapXRange#count=1000000,"(5, 100)",0.009205032873489599,500,21475589.446808517,21452231.788936168,21482909.95744681
rxjava#io.reactivex.xmapz.ObservableConcatMapMaybeEmptyPerf.observableDedicated#count=1,"(5, 100)",1.4322462344615434,500,55.97311371586282,55.82206441518399,56.160897305082514
rxjava#io.reactivex.StrictPerf.internal#count=10000&cpu=1000,"(5, 100)",0.002396820906704277,500,27335596.97297297,27334711.351351354,27336482.594594598
rxjava#io.reactivex.xmapz.FlowableFlatMapCompletablePerf.flowableConvert#count=100,"(5, 100)",0.03723372418486223,500,15210.163988278717,15195.078470102357,15226.232159847765
rxjava#io.reactivex.BlockingGetPerf.flowableBlockingLast#,"(5, 100)",0.32656920682763024,500,75.44118176088818,75.11258327418903,75.7007196162047
rxjava#io.reactivex.XMapYPerf.obsFlatMapIterableAsObs1#times=10000,"(5, 100)",0.026964354924880835,500,1191910.3694874851,1190828.260015665,1193077.307875895
rxjava#io.reactivex.FlattenJustPerf.observable#times=10000,"(5, 100)",0.1332663993380991,500,89494.54134592599,89481.38039777818,89501.29566634644
rxjava#io.reactivex.FlowableFlatMapCompletableAsyncPerf.flatMapCompletable#items=10000&maxConcurrency=32&work=10,"(5, 100)",0.04310162902899422,500,24848933.46341463,24720658.73170732,24990924.800000004
rxjava#io.reactivex.PublishProcessorPerf.unbounded1k#,"(5, 100)",0.017527480541071203,500,14475.433641190575,14464.04441103336,14483.943732220992
rxjava#io.reactivex.XMapYPerf.obsFlatMapSingle1#times=1000,"(5, 100)",0.036987371691249105,500,108192.27075420105,107907.96068689923,109135.78777574415
rxjava#io.reactivex.FlattenRangePerf.flowable#times=10000,"(5, 100)",0.030821558397140025,500,464861.8428637843,464403.97584765457,465411.5754189944
rxjava#io.reactivex.xmapz.ObservableFlatMapCompletablePerf.observableConvert#count=100,"(5, 100)",0.04269409634339726,500,13848.427839985394,13830.482194185002,13867.186064235168
rxjava#io.reactivex.parallel.ParallelPerf.groupBy#compute=1000&count=10000&parallelism=1,"(5, 100)",0.15104525347674128,500,44244635.82608697,43560069.56521738,45065260.52173913
rxjava#io.reactivex.XMapYPerf.flowFlatMapIterableAsFlow0#times=1000000,"(5, 100)",0.07463008935960946,500,119530382.22222224,119326492.44444445,119785244.44444443
rxjava#io.reactivex.xmapz.ObservableConcatMapMaybeEmptyPerf.observableDedicated#count=100,"(5, 100)",0.02810570568566347,500,7173.3064428261005,7168.678378289242,7202.4128775880445
rxjava#io.reactivex.xmapz.FlowableFlatMapMaybePerf.flowablePlain#count=1000,"(5, 100)",0.012038053663757858,500,23001.682156261748,22980.10881203279,23109.146129288896
rxjava#io.reactivex.FlowableFlatMapCompletableAsyncPerf.flatMapCompletable#items=100&maxConcurrency=128&work=1000,"(5, 100)",0.04308516836988321,500,261644.26563791686,260575.99419675602,262769.15698133054
rxjava#io.reactivex.OperatorFlatMapPerf.flatMapTwoNestedSync#size=1,"(5, 100)",0.3093128394216514,500,238.92861638017303,238.134232489812,239.52382835416608
rxjava#io.reactivex.XMapYPerf.obsFlatMapIterableAsObs1#times=1,"(5, 100)",0.3002729711017311,500,69.59958409345327,69.24296222827091,69.85925278365696
rxjava#io.reactivex.xmapz.FlowableFlatMapCompletablePerf.flowableDedicated#count=100,"(5, 100)",0.044432370145685074,500,9395.463013543533,9339.129643385186,9420.640854756442
rxjava#io.reactivex.xmapz.FlowableFlatMapMaybePerf.flowablePlain#count=100,"(5, 100)",0.10461137881035179,500,2683.734646614298,2666.6978606813827,2742.9197549447777
rxjava#io.reactivex.XMapYPerf.obsFlatMapIterableAsObs0#times=1000000,"(5, 100)",0.08157506223160212,500,100650188.8,100492902.4,100833689.59999998
rxjava#io.reactivex.xmapz.ObservableConcatMapCompletablePerf.observablePlain#count=10000,"(5, 100)",0.05170629425144112,500,385757.91277499043,385543.40455071337,385951.92586872587
rxjava#io.reactivex.xmapz.ObservableFlatMapSinglePerf.observableDedicated#count=100000,"(5, 100)",0.044468432810273614,500,11235097.88764045,11198008.888888888,11314716.764044944
rxjava#io.reactivex.XMapYPerf.obsFlatMapMaybe0#times=1,"(5, 100)",0.3736510247957419,500,245.7246168673058,244.7800595957156,247.17440016904249
rxjava#io.reactivex.RxVsStreamPerf.rangeObservable#times=1,"(5, 100)",0.3772502842674605,500,69.0859802557989,68.76166719579119,69.4389269144196
rxjava#io.reactivex.FlowableFlatMapCompletableAsyncPerf.flatMapCompletable#items=10&maxConcurrency=1&work=100,"(5, 100)",0.06212518062156756,500,595063.7714285715,590610.156028369,598867.3104373877
rxjava#io.reactivex.StrictPerf.external#count=100&cpu=10000,"(5, 100)",0.002258082413968015,500,2731125.5081967213,2731058.3606557376,2731192.655737705
rxjava#io.reactivex.XMapYPerf.obsFlatMapMaybeAsObs1#times=100,"(5, 100)",0.041653956457505636,500,17688.592770212264,17647.07713996786,17732.84020468018
rxjava#io.reactivex.xmapz.ObservableFlatMapMaybeEmptyPerf.observablePlain#count=1000,"(5, 100)",0.03378050669422529,500,3544.7295204302895,3541.1741583560897,3559.1873332032683
rxjava#io.reactivex.xmapz.FlowableSwitchMapMaybeEmptyPerf.flowableConvert#count=1,"(5, 100)",0.8979102793268045,500,115.42499103544162,115.14292748984364,115.68216236228594
rxjava#io.reactivex.XMapYPerf.flowFlatMapMaybeAsFlow0#times=1,"(5, 100)",0.7712170380464943,500,99.05605231886446,98.66353666140924,99.45712179841536
rxjava#io.reactivex.parallel.ParallelPerf.groupBy#compute=10&count=10000&parallelism=1,"(5, 100)",0.22546939401605004,500,1997817.1161037923,1985908.7285354543,2003785.4448096198
rxjava#io.reactivex.StrictPerf.internal#count=1000&cpu=1,"(5, 100)",0.02134855736288333,500,8327.709100085696,8321.720935096482,8331.448627189979
rxjava#io.reactivex.FlowableFlatMapCompletableSyncPerf.flatMapCompletable#items=1000000&maxConcurrency=256,"(5, 100)",0.037219903884636425,500,98959360.0,98750836.36363637,99197672.72727275
rxjava#io.reactivex.FlowableFlatMapCompletableAsyncPerf.flatMapCompletable#items=10&maxConcurrency=1&work=1,"(5, 100)",0.10730270747544207,500,588481.5673322699,583668.4927028605,593010.1826809016
rxjava#io.reactivex.FlowableFlatMapCompletableAsyncPerf.flatMapCompletable#items=1000&maxConcurrency=256&work=1,"(5, 100)",0.04507171584671962,500,2520448.3224181365,2509287.5933834584,2533963.050126583
rxjava#io.reactivex.FlowableFlatMapCompletableSyncPerf.flatMap#items=10000&maxConcurrency=128,"(5, 100)",0.03967210820128819,500,1293436.5226390688,1292937.107373868,1294287.012263907
rxjava#io.reactivex.parallel.ParallelPerf.groupBy#compute=10000&count=10000&parallelism=4,"(5, 100)",0.13470736763000438,500,80422754.4615385,76148150.85714287,82262803.69230771
rxjava#io.reactivex.XMapYPerf.flowFlatMapMaybe0#times=1000,"(5, 100)",0.03326462916481712,500,107781.29507020829,107645.20060331826,107876.73626254994
rxjava#io.reactivex.BinaryFlatMapPerf.singleFlatMapHidePublisher#times=1000,"(5, 100)",0.01811433833997215,500,8407.96306631778,8402.509133405203,8417.936655429627
rxjava#io.reactivex.xmapz.ObservableConcatMapMaybePerf.observableDedicated#count=1,"(5, 100)",1.5093220836105514,500,64.62782773309,64.3360935257394,64.89470396444402
rxjava#io.reactivex.XMapYPerf.obsFlatMapCompletable0#times=1000,"(5, 100)",0.05072708703367245,500,91770.09199748925,91391.26240637354,91881.68640657539
rxjava#io.reactivex.OperatorMergePerf.merge1SyncStreamOfN#size=1000000,"(5, 100)",0.06428421712986632,500,10912100.173913045,10900702.608695652,10927148.52173913
rxjava#io.reactivex.FlowableFlatMapCompletableSyncPerf.flatMap#items=100000&maxConcurrency=256,"(5, 100)",0.026782913494887074,500,12932962.461538462,12923825.230769234,12943360.0
rxjava#io.reactivex.XMapYPerf.flowFlatMapSingle1#times=1000000,"(5, 100)",0.04510550217963649,500,112729201.77777776,112343267.55555555,113129699.55555557
rxjava#io.reactivex.OperatorMergePerf.oneStreamOfNthatMergesIn1#size=1,"(5, 100)",0.36700506545866113,500,261.3693721299976,260.3920914299215,263.04505815457105
rxjava#io.reactivex.XMapYPerf.obsFlatMapCompletableAsObs0#times=1000,"(5, 100)",0.03386775657999068,500,134926.0032414911,134829.22321187583,135013.14417507115
rxjava#io.reactivex.xmapz.ObservableSwitchMapMaybeEmptyPerf.observableConvert#count=1000000,"(5, 100)",0.08418403835444659,500,95527656.72727276,95331048.72727275,95748096.0
rxjava#io.reactivex.xmapz.FlowableConcatMapMaybePerf.flowableDedicated#count=100,"(5, 100)",0.03655887208827634,500,9867.173554271978,9820.31450039283,9941.675644979357
rxjava#io.reactivex.XMapYPerf.flowFlatMapIterableAsFlow0#times=1,"(5, 100)",0.3916606462852689,500,59.72413205297064,59.580933285149904,59.87522744904365
rxjava#io.reactivex.xmapz.ObservableSwitchMapMaybeEmptyPerf.observableConvert#count=10,"(5, 100)",0.15669700232469463,500,1147.228291900976,1143.470748033039,1156.4883731256302
rxjava#io.reactivex.xmapz.FlowableSwitchMapMaybeEmptyPerf.flowableConvert#count=1000000,"(5, 100)",0.0775519263298443,500,112459776.00000001,112139377.77777779,112736483.55555555
rxjava#io.reactivex.FlattenJustPerf.observable#times=100000,"(5, 100)",0.02985671763788812,500,908202.8991825613,908141.9800181652,908255.4477747502
rxjava#io.reactivex.CallableAsyncPerf.subscribeOnMaybe#,"(5, 100)",0.11329974445484692,500,11416.78607090234,11288.87472851385,11543.341962101338
rxjava#io.reactivex.FlowableFlatMapCompletableAsyncPerf.flatMapCompletable#items=100000&maxConcurrency=1&work=1000,"(5, 100)",0.037993136982285014,500,6358564864.000001,6325010432.0,6383730688.0
rxjava#io.reactivex.xmapz.ObservableConcatMapMaybeEmptyPerf.observableConvert#count=100,"(5, 100)",0.04841279642188174,500,6546.098407946289,6524.694949827769,6567.8711030012455
rxjava#io.reactivex.xmapz.ObservableFlatMapMaybeEmptyPerf.observableConvert#count=10000,"(5, 100)",0.03350332252818608,500,1361628.42506812,1360749.714285714,1362491.9891008176
rxjava#io.reactivex.parallel.ParallelPerf.flatMap#compute=10&count=10000&parallelism=3,"(5, 100)",0.06486489697428865,500,227960422.40000004,225889484.8,229507072.0
rxjava#io.reactivex.XMapYPerf.obsFlatMapCompletableAsObs0#times=10,"(5, 100)",0.08018394248233032,500,1543.9758076194094,1537.280421824851,1552.1945206386208
rxjava#io.reactivex.xmapz.FlowableFlatMapMaybeEmptyPerf.flowableConvert#count=10,"(5, 100)",0.12462432572905176,500,1754.1584205141467,1746.4602605266741,1761.162490983519
rxjava#io.reactivex.EachTypeFlatMapPerf.nbpRange#times=1,"(5, 100)",0.35756268795156243,500,68.91421725643207,68.63386180899633,69.19985075519978
rxjava#io.reactivex.XMapYPerf.flowFlatMapSingle1#times=10,"(5, 100)",0.10218692381064565,500,1341.8275074650946,1330.0113508325337,1356.3457231355728
rxjava#io.reactivex.XMapYPerf.obsFlatMapMaybeAsObs0#times=1000000,"(5, 100)",0.08459735879773168,500,135675904.0,135397376.0,136175616.0
rxjava#io.reactivex.xmapz.ObservableFlatMapCompletablePerf.observableDedicated#count=1000000,"(5, 100)",0.03585478452282008,500,90084693.33333334,89860778.66666666,90450602.66666669
rxjava#io.reactivex.parallel.ParallelPerf.parallel#compute=1&count=10000&parallelism=2,"(5, 100)",0.08752109197981199,500,2615341.0107582742,2590078.010362694,2673565.4331550803
rxjava#io.reactivex.xmapz.ObservableSwitchMapMaybePerf.observablePlain#count=100,"(5, 100)",0.04272506360429133,500,8177.419234240044,8164.5849648878675,8187.8837659821775
rxjava#io.reactivex.xmapz.FlowableFlatMapSinglePerf.flowableDedicated#count=100,"(5, 100)",0.05022931873685655,500,11122.24842290917,11101.582968175984,11144.375277112707
rxjava#io.reactivex.CallableAsyncPerf.observeOnFlowable#,"(5, 100)",0.14377501014343577,500,9602.16040116307,9431.494258877396,9771.622296163454
rxjava#io.reactivex.XMapYPerf.flowFlatMapMaybeAsFlow0#times=1000000,"(5, 100)",0.09557971706611769,500,146295076.57142854,145826962.2857143,146838089.14285713
rxjava#io.reactivex.xmapz.FlowableSwitchMapMaybeEmptyPerf.flowablePlain#count=10000,"(5, 100)",0.029555642004967332,500,729871.4033147525,729393.705109489,730449.1319518666
rxjava#io.reactivex.EachTypeFlatMapPerf.nbpRangeMapJust#times=1,"(5, 100)",0.3412322682505037,500,69.24965484952237,69.04032652376492,69.60887494842103
rxjava#io.reactivex.StrictPerf.external#count=1000&cpu=1000,"(5, 100)",0.0029072063462842177,500,2741884.8438356165,2741839.956164384,2741985.8410958904
rxjava#io.reactivex.XMapYPerf.obsFlatMapObservable1#times=100000,"(5, 100)",0.035337395503938156,500,2499942.4000000004,2498375.6800000006,2503173.12
rxjava#io.reactivex.XMapYPerf.obsFlatMapObservable0#times=1000000,"(5, 100)",0.004261798305713479,500,3451586.206896552,3451444.965517242,3451755.6965517243
rxjava#io.reactivex.parallel.ParallelPerf.groupBy#compute=10&count=10000&parallelism=3,"(5, 100)",0.13887645387571967,500,5612559.490804093,5459541.571913509,5792553.280446483
rxjava#io.reactivex.xmapz.ObservableConcatMapCompletablePerf.observableDedicated#count=100000,"(5, 100)",0.04918252056700933,500,4356185.043478261,4354332.939130436,4357591.930434782
rxjava#io.reactivex.XMapYPerf.flowFlatMapMaybe1#times=100,"(5, 100)",0.13029104364993416,500,11238.965818268385,11201.786538803057,11280.954065639555
rxjava#io.reactivex.FlowableFlatMapCompletableSyncPerf.flatMap#items=10&maxConcurrency=8,"(5, 100)",0.09112310835696068,500,1550.2706872283866,1542.6430173479196,1558.2146099876186
rxjava#io.reactivex.FlowableFlatMapCompletableAsyncPerf.flatMapCompletable#items=1000&maxConcurrency=256&work=1000,"(5, 100)",0.040604403929875806,500,2525375.3535353537,2518622.146095718,2534459.6253164555
rxjava#io.reactivex.TakeUntilPerf.flowable#,"(5, 100)",0.11679621050717234,500,13499.345640510703,13397.3923200721,13636.935073409462
rxjava#io.reactivex.FlowableFlatMapCompletableAsyncPerf.flatMapCompletable#items=1&maxConcurrency=32&work=1000,"(5, 100)",0.1084958927973975,500,56687.55260085502,56000.875568277486,57350.02689346053
rxjava#io.reactivex.FlowableFlatMapCompletableAsyncPerf.flatMapCompletable#items=1000&maxConcurrency=8&work=1000,"(5, 100)",0.03743423683097397,500,2563477.9830455263,2556731.5805626605,2571777.316195373
rxjava#io.reactivex.xmapz.ObservableConcatMapMaybeEmptyPerf.observableDedicated#count=10,"(5, 100)",0.16752456386591683,500,893.8143303113006,891.8504944466808,896.0585995051845
rxjava#io.reactivex.xmapz.ObservableFlatMapMaybeEmptyPerf.observableConvert#count=10,"(5, 100)",0.11248728724093347,500,1573.6873139408622,1561.2980016564961,1580.3171099792494
rxjava#io.reactivex.FlowableFlatMapCompletableAsyncPerf.flatMapCompletable#items=1&maxConcurrency=256&work=1000,"(5, 100)",0.09591049994242722,500,55020.99164009983,54375.755462322246,55744.386548988936
rxjava#io.reactivex.FlowableFlatMapCompletableAsyncPerf.flatMapCompletable#items=1&maxConcurrency=256&work=1,"(5, 100)",0.09205305201230037,500,53358.00943534855,52790.64850216207,53853.79797107705
rxjava#io.reactivex.BinaryFlatMapPerf.singleFlatMapHideObservable#times=1000,"(5, 100)",0.005916501482051827,500,11064.111702429487,11061.289507400044,11070.9623800893
rxjava#io.reactivex.XMapYPerf.flowFlatMapCompletable0#times=10,"(5, 100)",0.12703408494272855,500,1058.8395477950817,1052.6868439124892,1086.9458992717946
rxjava#io.reactivex.XMapYPerf.obsFlatMapSingleAsObs1#times=10000,"(5, 100)",0.04094016802610055,500,1753608.9824561402,1747946.5174825178,1762271.801690141
rxjava#io.reactivex.FlattenJustPerf.flowable#times=100000,"(5, 100)",0.028291624553160706,500,2118764.474576271,2117527.8644067803,2120289.6813559323
rxjava#io.reactivex.FlowableFlatMapCompletableSyncPerf.flatMapCompletable#items=10000&maxConcurrency=32,"(5, 100)",0.03438555134081796,500,993436.0913604768,991233.0148662044,995057.9900497516
rxjava#io.reactivex.JustAsyncPerf.observeOnObservable#,"(5, 100)",0.17022548890405806,500,9924.047975452071,9735.380824124486,10107.964557167828
rxjava#io.reactivex.xmapz.ObservableSwitchMapMaybeEmptyPerf.observableConvert#count=10000,"(5, 100)",0.024679558920295417,500,959684.0537428026,959270.0441035475,960412.6493756006
rxjava#io.reactivex.xmapz.ObservableSwitchMapMaybeEmptyPerf.observableConvert#count=1000,"(5, 100)",0.024427645648948056,500,95487.09468196759,95425.19209093513,95534.82031175292
rxjava#io.reactivex.FlowableFlatMapCompletableAsyncPerf.flatMapCompletable#items=100&maxConcurrency=256&work=10,"(5, 100)",0.03670984234656811,500,260590.57445010985,259799.62953734392,261782.27802204946
rxjava#io.reactivex.XMapYPerf.obsFlatMapMaybeAsObs0#times=1000,"(5, 100)",0.02945041061836054,500,135789.11275674685,135706.57030294795,135886.5221184332
rxjava#io.reactivex.FlowableFlatMapCompletableAsyncPerf.flatMapCompletable#items=10&maxConcurrency=256&work=10,"(5, 100)",0.07764782389875835,500,34793.017361239705,34542.08684852306,35120.58184527196
rxjava#io.reactivex.xmapz.ObservableSwitchMapCompletablePerf.observableConvert#count=1,"(5, 100)",0.3023501326041979,500,93.02287702330814,92.33396634697812,93.35978083156112
rxjava#io.reactivex.FlowableFlatMapCompletableAsyncPerf.flatMapCompletable#items=10&maxConcurrency=32&work=1,"(5, 100)",0.06857456435652329,500,35264.56700911492,35019.77563357672,35505.79419377404
rxjava#io.reactivex.FlowableFlatMapCompletableSyncPerf.flatMap#items=100000&maxConcurrency=128,"(5, 100)",0.026830887363552054,500,12922774.974358978,12915633.230769232,12929078.088205127
rxjava#io.reactivex.xmapz.FlowableSwitchMapCompletablePerf.flowableDedicated#count=1000,"(5, 100)",0.031868123676482965,500,28490.654295965796,28457.66678008393,28513.796020182548
rxjava#io.reactivex.StrictPerf.external#count=1000000&cpu=100,"(5, 100)",0.0024679095742477803,500,281542656.0,281542656.0,281542656.0
rxjava#io.reactivex.xmapz.ObservableSwitchMapCompletablePerf.observablePlain#count=10000,"(5, 100)",0.03704165639835003,500,725586.856313498,724724.06578882,727390.5218261215
rxjava#io.reactivex.xmapz.ObservableSwitchMapMaybePerf.observableDedicated#count=10,"(5, 100)",0.1491801130740016,500,718.7934864163337,712.4112890987358,726.095540546585
rxjava#io.reactivex.xmapz.FlowableSwitchMapSinglePerf.flowableConvert#count=10000,"(5, 100)",0.03250898819739972,500,1302532.0,1301588.0,1303470.5673011737
rxjava#io.reactivex.BlockingPerf.observableBlockingLast#times=1,"(5, 100)",0.41908592120232224,500,72.28472237684056,72.07501248523806,72.47754775571426
rxjava#io.reactivex.xmapz.FlowableFlatMapMaybePerf.flowablePlain#count=10000,"(5, 100)",0.004347317146286565,500,227593.50415018504,227583.0088818037,227602.2232346242
rxjava#io.reactivex.XMapYPerf.obsFlatMapIterableAsObs1#times=100,"(5, 100)",0.04393102660765595,500,12117.674486905657,12086.278686312195,12136.219489141116
rxjava#io.reactivex.XMapYPerf.flowFlatMapFlowable0#times=1,"(5, 100)",0.2971967782915319,500,37.773128779804566,37.69253440770083,37.87511537278229
rxjava#io.reactivex.parallel.ParallelPerf.groupBy#compute=100&count=10000&parallelism=1,"(5, 100)",0.25938741581898866,500,6427700.512820514,6222587.229813665,6496628.363636364
rxjava#io.reactivex.XMapYPerf.flowFlatMapIterableAsFlow1#times=1000,"(5, 100)",0.05531699390126379,500,148410.79025549616,148218.91038575667,148657.46932670166
rxjava#io.reactivex.OperatorMergePerf.mergeTwoAsyncStreamsOfN#size=1000,"(5, 100)",0.10086231323706148,500,358908.6336960923,352970.2034737076,364555.72585589613
rxjava#io.reactivex.xmapz.FlowableSwitchMapSinglePerf.flowablePlain#count=100,"(5, 100)",0.03759472477372368,500,8434.66720481147,8424.934166070601,8442.844683171294
rxjava#io.reactivex.FlatMapJustPerf.flowable#times=1000,"(5, 100)",0.16902687855091933,500,722636.4962104589,705518.4224298288,728323.1444000164
rxjava#io.reactivex.XMapYPerf.obsFlatMapSingleAsObs1#times=1000,"(5, 100)",0.026759781588724364,500,174672.68708023318,174413.6727956214,174978.5183750289
rxjava#io.reactivex.xmapz.FlowableSwitchMapSinglePerf.flowableDedicated#count=1000,"(5, 100)",0.02390215336777577,500,62416.89837054578,62365.302019182986,62471.943784865536
rxjava#io.reactivex.xmapz.ObservableSwitchMapCompletablePerf.observableDedicated#count=1000,"(5, 100)",0.02462075247601726,500,29883.568511811976,29846.63622887637,29922.22955648435
rxjava#io.reactivex.StrictPerf.external#count=10&cpu=1000,"(5, 100)",0.004619784390287947,500,27660.488293490787,27646.34584137077,27665.53958587089
rxjava#io.reactivex.xmapz.FlowableConcatMapCompletablePerf.flowableConvert#count=100000,"(5, 100)",0.027673886904590026,500,8809921.122807018,8799573.333333336,8822137.263157897
rxjava#io.reactivex.xmapz.ObservableConcatMapMaybeEmptyPerf.observablePlain#count=1,"(5, 100)",0.49477462059288513,500,45.27211650798871,45.027498447894146,45.39705542463007
rxjava#io.reactivex.OperatorFlatMapPerf.flatMapIntPassthruAsync#size=1000000,"(5, 100)",0.1746812228280668,500,2940207104.0,2927624192.0,2952790016.0000005
rxjava#io.reactivex.FlatMapJustPerf.observable#times=10000,"(5, 100)",0.14452753667918516,500,654844.0455929096,646170.9952808241,659690.4375353308
rxjava#io.reactivex.EachTypeFlatMapPerf.nbpRange#times=1000000,"(5, 100)",0.16118502718255304,500,10062151.680000003,10035855.359999998,10092136.882424245
rxjava#io.reactivex.StrictPerf.internal#count=1&cpu=1,"(5, 100)",0.3806970804932773,500,51.11627086521973,50.941105683004956,51.2799851999018
rxjava#io.reactivex.xmapz.FlowableSwitchMapSinglePerf.flowableDedicated#count=10,"(5, 100)",0.15875985903981937,500,811.3179304450232,809.4217755951231,815.1378466790758
rxjava#io.reactivex.xmapz.FlowableSwitchMapMaybePerf.flowablePlain#count=10,"(5, 100)",0.10138580169353201,500,970.2186558252702,964.318933616671,1002.100695542207
rxjava#io.reactivex.FlatMapJustPerf.flowable#times=10000,"(5, 100)",0.14257858914523242,500,717483.367168894,715547.388294525,719969.8438458216
rxjava#io.reactivex.parallel.ParallelPerf.flatMap#compute=1000&count=10000&parallelism=1,"(5, 100)",0.08019569094253794,500,632291328.0,627572736.0000001,637534208.0
rxjava#io.reactivex.xmapz.FlowableFlatMapMaybePerf.flowableDedicated#count=1000000,"(5, 100)",0.04565289359378807,500,112001024.00000003,111709752.8888889,112175786.66666666
rxjava#io.reactivex.xmapz.ObservableFlatMapCompletablePerf.observablePlain#count=1,"(5, 100)",0.395421545711972,500,43.96994949204637,43.34779946054106,45.75571908371474
rxjava#io.reactivex.xmapz.ObservableConcatMapMaybePerf.observableDedicated#count=10,"(5, 100)",0.18246127318534305,500,1088.1285699639943,1085.7903636548842,1091.2317517011015
rxjava#io.reactivex.xmapz.FlowableFlatMapMaybePerf.flowableConvert#count=1,"(5, 100)",0.5376009325036932,500,128.60399802051873,128.35775722095056,128.93455441764888
rxjava#io.reactivex.BinaryFlatMapPerf.completableFlatMapObservable#times=1000,"(5, 100)",0.009106272033408127,500,12568.602840602296,12565.05157434842,12572.440686772323
rxjava#io.reactivex.ObservableFlatMapPerf.flatMapXRange#count=1000,"(5, 100)",0.010875274924317621,500,9007140.900900902,9002638.99099099,9014152.072072072
rxjava#io.reactivex.xmapz.FlowableConcatMapMaybePerf.flowableConvert#count=10000,"(5, 100)",0.035310294316303045,500,1268656.730964467,1265772.7541617884,1270149.0419313852
rxjava#io.reactivex.xmapz.FlowableFlatMapMaybePerf.flowableDedicated#count=100,"(5, 100)",0.050687843063488155,500,11135.995246938102,11116.760940967595,11160.336691321554
rxjava#io.reactivex.FlowableFlatMapCompletableSyncPerf.flatMap#items=10000&maxConcurrency=1,"(5, 100)",0.030936451401885157,500,1300300.234070221,1299649.0819245772,1301668.0466666666
rxjava#io.reactivex.xmapz.FlowableSwitchMapCompletablePerf.flowableDedicated#count=1,"(5, 100)",0.3062636867420959,500,124.91449663655416,124.48507956098209,125.60799694472853
rxjava#io.reactivex.FlowableFlatMapCompletableSyncPerf.flatMapCompletable#items=10&maxConcurrency=32,"(5, 100)",0.1218518676299354,500,1190.3816579919771,1183.0706831470654,1218.3993640495542
rxjava#io.reactivex.FlowableFlatMapCompletableAsyncPerf.flatMapCompletable#items=10&maxConcurrency=128&work=1000,"(5, 100)",0.1007775179286186,500,39181.020177735256,38856.533539335396,39730.05002334777
rxjava#io.reactivex.xmapz.FlowableFlatMapSinglePerf.flowablePlain#count=1,"(5, 100)",0.47435559081043877,500,61.031290263350286,60.749317651264974,61.26508134117057
rxjava#io.reactivex.xmapz.ObservableConcatMapMaybePerf.observableDedicated#count=10000,"(5, 100)",0.00528345946411957,500,934814.385046729,934756.0074766357,934892.8598130844
rxjava#io.reactivex.xmapz.FlowableConcatMapMaybeEmptyPerf.flowableConvert#count=1,"(5, 100)",0.9301427719207892,500,111.6965150815956,110.02713937227281,113.89775257490746
rxjava#io.reactivex.xmapz.FlowableSwitchMapMaybeEmptyPerf.flowablePlain#count=100000,"(5, 100)",0.027925588656733818,500,7298533.83941606,7291859.47826087,7304543.747737226
rxjava#io.reactivex.FlowableFlatMapCompletableAsyncPerf.flatMapCompletable#items=100000&maxConcurrency=8&work=10,"(5, 100)",0.0859381408339101,500,310050816.0,306905088.0,313393152.0
rxjava#io.reactivex.xmapz.ObservableConcatMapCompletablePerf.observableConvert#count=100,"(5, 100)",0.04191114534872588,500,6065.291949226868,6039.006693440428,6081.911560966834
rxjava#io.reactivex.ToFlowablePerf.flowable#times=1000000,"(5, 100)",0.026958502651348006,500,4108623.737704918,4108472.6557377046,4108808.3934426233
rxjava#io.reactivex.xmapz.FlowableFlatMapSinglePerf.flowableConvert#count=1,"(5, 100)",0.49538771112517227,500,125.09442907507702,124.70768275372605,125.37793814010274
rxjava#io.reactivex.OperatorMergePerf.mergeNSyncStreamsOfN#size=1,"(5, 100)",0.38078519616931006,500,256.547003668313,256.0869017226338,257.1662877662435
rxjava#io.reactivex.FlowableFlatMapCompletableAsyncPerf.flatMapCompletable#items=100000&maxConcurrency=32&work=1000,"(5, 100)",0.10466034938505986,500,255098880.00000006,252379136.0,257917419.51999992
rxjava#io.reactivex.xmapz.ObservableSwitchMapMaybePerf.observableConvert#count=10000,"(5, 100)",0.026581365450481835,500,1247336.771579167,1246054.6362094763,1248745.2875905118
rxjava#io.reactivex.JustAsyncPerf.subscribeOnSingle#,"(5, 100)",0.15627238663289347,500,10899.824751377175,10782.222036507586,11079.821109921486
rxjava#io.reactivex.BinaryFlatMapPerf.singleFlattenAsPublisher#times=1000,"(5, 100)",0.008031850705063901,500,9979.578821836374,9976.398863142158,9982.319724198907
rxjava#io.reactivex.xmapz.ObservableConcatMapMaybeEmptyPerf.observablePlain#count=1000000,"(5, 100)",0.005266050132945022,500,37592177.77777778,37583682.37037038,37620091.25925926
rxjava#io.reactivex.xmapz.FlowableSwitchMapMaybePerf.flowablePlain#count=100000,"(5, 100)",0.029174924832398808,500,8418760.06722689,8402617.008403363,8433319.798319329
rxjava#io.reactivex.XMapYPerf.obsFlatMapMaybe0#times=1000000,"(5, 100)",0.04279142330821884,500,104870707.2,104726528.0,104988672.0
rxjava#io.reactivex.StrictPerf.external#count=10&cpu=100,"(5, 100)",0.03272136877663608,500,3005.389069358185,3004.248744390575,3008.2168442491165
rxjava#io.reactivex.xmapz.ObservableFlatMapSinglePerf.observablePlain#count=1000,"(5, 100)",0.02753018794805737,500,27727.49050146802,27704.765327989855,27754.550283782628
rxjava#io.reactivex.XMapYPerf.flowFlatMapMaybe1#times=1,"(5, 100)",0.43972748253094945,500,291.6266466266307,290.80836765157545,292.81866760177803
rxjava#io.reactivex.BinaryFlatMapPerf.maybeFlatMapObservable#times=1,"(5, 100)",0.3057205280205109,500,75.04006304422555,74.80107133524955,75.2540643591989
rxjava#io.reactivex.parallel.ParallelPerf.parallel#compute=1000&count=10000&parallelism=3,"(5, 100)",0.18834097604310487,500,17142384.813559324,15103852.721845321,17638956.9122807
rxjava#io.reactivex.FlowableFlatMapCompletableAsyncPerf.flatMapCompletable#items=10&maxConcurrency=8&work=10,"(5, 100)",0.06485577631105671,500,34427.90542727547,34206.90202237772,34583.327818417994
rxjava#io.reactivex.FlowableFlatMapCompletableAsyncPerf.flatMapCompletable#items=10000&maxConcurrency=32&work=1000,"(5, 100)",0.04990065075174363,500,24995430.400000002,24856526.04878049,25103155.2
rxjava#io.reactivex.FlattenCrossMapPerf.flowable#times=10000,"(5, 100)",0.029798532817675052,500,15066066.149253733,15054328.358208956,15078782.089552242
rxjava#io.reactivex.EachTypeFlatMapPerf.singleJust#times=1000,"(5, 100)",0.35746788967867993,500,48.697659261118304,48.59843770687145,48.8572944803707
rxjava#io.reactivex.xmapz.ObservableFlatMapMaybePerf.observableDedicated#count=1000000,"(5, 100)",0.04239546575031319,500,113952540.44444445,113697678.22222222,114353038.22222222
rxjava#io.reactivex.xmapz.ObservableFlatMapCompletablePerf.observableDedicated#count=10,"(5, 100)",0.10337418684593018,500,1043.504684571678,1039.7176545557209,1054.6766492627987
rxjava#io.reactivex.FlowableFlatMapCompletableSyncPerf.flatMap#items=1&maxConcurrency=256,"(5, 100)",0.3172259856171346,500,69.72142295660109,69.45267266696669,70.08035670776277
rxjava#io.reactivex.xmapz.FlowableSwitchMapSinglePerf.flowablePlain#count=1000000,"(5, 100)",0.0866505746941695,500,83591168.0,83460096.00000003,83755008.0
rxjava#io.reactivex.xmapz.FlowableFlatMapMaybeEmptyPerf.flowableDedicated#count=1,"(5, 100)",0.47348516628761267,500,279.78253423795195,278.9606510864271,280.57045928308855
rxjava#io.reactivex.ToFlowablePerf.flowableInner#times=1,"(5, 100)",0.14114954963259538,500,506.95441707624525,506.1104713820942,508.0486884192535
rxjava#io.reactivex.XMapYPerf.obsFlatMapSingleAsObs1#times=10,"(5, 100)",0.10465440515123627,500,1880.8252029256505,1871.9691442159908,1886.4102758500028
rxjava#io.reactivex.FlowableFlatMapCompletableSyncPerf.flatMapCompletable#items=1000000&maxConcurrency=1,"(5, 100)",0.03741765291155358,500,102629376.0,102393446.4,102786662.4
rxjava#io.reactivex.xmapz.ObservableSwitchMapSinglePerf.observableConvert#count=100000,"(5, 100)",0.02531290714503662,500,12415127.703703703,12403294.814814815,12424937.876543213
rxjava#io.reactivex.xmapz.ObservableFlatMapSinglePerf.observableDedicated#count=10000,"(5, 100)",0.04145941191609706,500,1138466.4054669705,1136885.8065984077,1140331.1463625997
rxjava#io.reactivex.xmapz.FlowableConcatMapMaybeEmptyPerf.flowableConvert#count=10000,"(5, 100)",0.027403224975069706,500,1051776.672975815,1050752.5378151261,1053040.1010526316
rxjava#io.reactivex.XMapYPerf.obsFlatMapMaybeAsObs1#times=1000000,"(5, 100)",0.06300153125625318,500,174413141.3333333,174041770.6666667,175483562.6666667
rxjava#io.reactivex.xmapz.ObservableSwitchMapMaybePerf.observablePlain#count=100000,"(5, 100)",0.027984298648116718,500,8037269.503999999,8031371.264000001,8043102.208000001
rxjava#io.reactivex.FlowableFlatMapCompletableAsyncPerf.flatMapCompletable#items=1&maxConcurrency=256&work=10,"(5, 100)",0.10964099265540478,500,51037.81096494381,50413.39425727085,51846.151696701505
rxjava#io.reactivex.StrictPerf.internal#count=10&cpu=10000,"(5, 100)",0.0024568829831561542,500,272913.56108226295,272906.8444930309,272921.8868543318
rxjava#io.reactivex.JustAsyncPerf.pipelineSingle#,"(5, 100)",0.03615027977501942,500,17125.61188648861,17084.91972694088,17163.73941164151
rxjava#io.reactivex.xmapz.FlowableConcatMapCompletablePerf.flowableConvert#count=10,"(5, 100)",0.10003457814138554,500,1064.6826412676173,1059.9336596966873,1085.94109296441
rxjava#io.reactivex.parallel.ParallelPerf.flatMap#compute=10&count=10000&parallelism=4,"(5, 100)",0.5951121389332048,500,43072170.66666667,42792277.33333334,43357525.33333334
rxjava#io.reactivex.xmapz.ObservableConcatMapMaybeEmptyPerf.observableConvert#count=10000,"(5, 100)",0.046836620277984874,500,650593.6666666667,649007.4739441196,651779.9191495912
rxjava#io.reactivex.FlowableFlatMapCompletableSyncPerf.flatMapCompletable#items=100000&maxConcurrency=8,"(5, 100)",0.0478857180258367,500,9204801.76146789,9190522.128440367,9226897.990458718
rxjava#io.reactivex.xmapz.FlowableConcatMapMaybePerf.flowableDedicated#count=100000,"(5, 100)",0.007844424475009597,500,9457895.849056603,9454649.96226415,9459905.207547171
rxjava#io.reactivex.PublishProcessorPerf.bounded1m#,"(5, 100)",0.0071811949493265055,500,2047991.623721882,2047937.167443763,2048075.3865030683
rxjava#io.reactivex.RxVsStreamPerf.rangeObservableFlatMapJust#times=1000,"(5, 100)",0.05513327795108151,500,25689.17956021635,25630.432565537725,25761.476038994355
rxjava#io.reactivex.xmapz.FlowableFlatMapSinglePerf.flowableConvert#count=1000000,"(5, 100)",0.07136038411663463,500,185117354.6666667,184527530.6666667,185729024.00000003
rxjava#io.reactivex.BinaryFlatMapPerf.singleFlatMapPublisher#times=1,"(5, 100)",0.364730561114512,500,105.66746707690778,105.30721388845348,106.06637762345083
rxjava#io.reactivex.xmapz.ObservableSwitchMapMaybePerf.observableDedicated#count=1,"(5, 100)",1.2876402752459422,500,64.2215291325831,63.795348837209296,64.54741129752345
rxjava#io.reactivex.xmapz.ObservableSwitchMapMaybeEmptyPerf.observablePlain#count=1000,"(5, 100)",0.03381793025743276,500,72871.13420418889,72843.52728333819,72908.54395259485
rxjava#io.reactivex.xmapz.ObservableFlatMapMaybeEmptyPerf.observablePlain#count=1000000,"(5, 100)",0.004188795134279034,500,3451783.9448275864,3451670.9517241376,3451847.5387586206
rxjava#io.reactivex.xmapz.FlowableFlatMapMaybeEmptyPerf.flowablePlain#count=10000,"(5, 100)",0.017924791302392364,500,49360.83959388346,49330.973226862705,49375.88709150928
rxjava#io.reactivex.JustAsyncPerf.subscribeOnFlowable#,"(5, 100)",0.14136943309979536,500,9643.578438952973,9535.35431270954,9792.693718353914
rxjava#io.reactivex.xmapz.ObservableConcatMapSinglePerf.observablePlain#count=1,"(5, 100)",0.43037394968163845,500,53.93208646707586,53.65581639180653,54.14939849794154
rxjava#io.reactivex.xmapz.ObservableSwitchMapCompletablePerf.observablePlain#count=100,"(5, 100)",0.028588619779754156,500,7475.574396909439,7447.493066409979,7486.752237047817
rxjava#io.reactivex.xmapz.ObservableFlatMapCompletablePerf.observablePlain#count=1000,"(5, 100)",0.0324905963990827,500,3544.4187173711116,3542.835720265821,3550.2079531921363
rxjava#io.reactivex.ToFlowablePerf.observable#times=1000,"(5, 100)",0.030979492226158433,500,3860.88175741301,3859.6543437229525,3864.84118627251
rxjava#io.reactivex.xmapz.ObservableFlatMapCompletablePerf.observablePlain#count=1000000,"(5, 100)",0.0038537282400390544,500,3451896.9379310342,3451798.068965517,3451995.806896552
rxjava#io.reactivex.FlowableFlatMapCompletableSyncPerf.flatMap#items=10&maxConcurrency=256,"(5, 100)",0.09252430235755242,500,1610.0467600988402,1577.4688960896015,1619.6412401522673
rxjava#io.reactivex.xmapz.ObservableFlatMapMaybePerf.observableDedicated#count=1,"(5, 100)",0.4318796470542236,500,247.350462577956,246.18160155351944,249.82880782513482
rxjava#io.reactivex.FlowableFlatMapCompletableAsyncPerf.flatMapCompletable#items=10000&maxConcurrency=256&work=100,"(5, 100)",0.034800007342445746,500,25251840.0,25126909.952,25340723.2
rxjava#io.reactivex.XMapYPerf.obsFlatMapObservable1#times=1,"(5, 100)",0.3539653707196068,500,50.645269897331346,50.50674548593837,50.812471948602486
rxjava#io.reactivex.xmapz.ObservableConcatMapSinglePerf.observablePlain#count=1000000,"(5, 100)",0.13893306848768544,500,64325632.0,63418368.0,64659456.00000001
rxjava#io.reactivex.xmapz.ObservableFlatMapMaybeEmptyPerf.observableDedicated#count=1000,"(5, 100)",0.03477506066122236,500,106535.0523509969,106450.27667575775,106617.58074058266
rxjava#io.reactivex.XMapYPerf.obsFlatMapMaybeAsObs1#times=1,"(5, 100)",0.8344412182016636,500,93.08280505172138,92.68194865422353,93.45348355914854
rxjava#io.reactivex.BinaryFlatMapPerf.maybeFlattenAsPublisher#times=1000000,"(5, 100)",0.023234495033621197,500,9727323.961165048,9577774.323809525,9730823.456310682
rxjava#io.reactivex.xmapz.FlowableConcatMapMaybePerf.flowablePlain#count=10,"(5, 100)",0.1650259875964433,500,365.6728229113311,364.9712124525859,366.7057495841631
rxjava#io.reactivex.FlowableFlatMapCompletableAsyncPerf.flatMapCompletable#items=1000&maxConcurrency=1&work=10,"(5, 100)",0.05867253751248775,500,58307015.11111112,57988437.333333336,58805067.29411765
rxjava#io.reactivex.BlockingPerf.flowableBlockingFirst#times=1,"(5, 100)",0.3134810865461486,500,71.37354499238509,71.14293229127527,71.58269149985206
rxjava#io.reactivex.xmapz.FlowableFlatMapSinglePerf.flowablePlain#count=100,"(5, 100)",0.09745542199957101,500,2707.0760991182287,2685.628731881258,2765.1162726038147
rxjava#io.reactivex.parallel.ParallelPerf.flatMap#compute=1&count=10000&parallelism=3,"(5, 100)",0.09612202274392892,500,227645849.60000002,225758412.8,229218713.6
rxjava#io.reactivex.FlowableFlatMapCompletableAsyncPerf.flatMapCompletable#items=10&maxConcurrency=32&work=10,"(5, 100)",0.0646921300450911,500,35120.93861320397,34907.750019306564,35306.18996698328
rxjava#io.reactivex.FlowableFlatMapCompletableSyncPerf.flatMap#items=1&maxConcurrency=32,"(5, 100)",0.3504529056282957,500,70.30515463729526,70.05560859694359,70.66339769275095
rxjava#io.reactivex.FlowableFlatMapCompletableAsyncPerf.flatMapCompletable#items=1&maxConcurrency=32&work=1,"(5, 100)",0.17677763810336813,500,51419.85538359637,50929.17035274925,52038.42453962127
rxjava#io.reactivex.xmapz.FlowableSwitchMapMaybeEmptyPerf.flowablePlain#count=1000000,"(5, 100)",0.06828067934906154,500,72763684.57142857,72623250.28571428,72983698.2857143
rxjava#io.reactivex.xmapz.FlowableSwitchMapMaybePerf.flowablePlain#count=1000,"(5, 100)",0.03200016048573426,500,84092.10420777157,83953.82729817039,84227.56738276195
rxjava#io.reactivex.FlowableFlatMapCompletableAsyncPerf.flatMapCompletable#items=10&maxConcurrency=256&work=1000,"(5, 100)",0.11396147598072857,500,38378.81476758557,37974.259726518096,38903.654676259
rxjava#io.reactivex.xmapz.ObservableSwitchMapMaybeEmptyPerf.observableDedicated#count=100,"(5, 100)",0.04357472923499397,500,5384.497414664049,5365.566086482729,5401.928328007571
rxjava#io.reactivex.xmapz.FlowableFlatMapMaybePerf.flowableConvert#count=10000,"(5, 100)",0.03765807702605496,500,1863338.666666667,1862368.0595903168,1864202.487895717
rxjava#io.reactivex.xmapz.FlowableFlatMapSinglePerf.flowablePlain#count=1000,"(5, 100)",0.011335267672346879,500,23399.847380598545,23388.42513343946,23408.176905748653
rxjava#io.reactivex.xmapz.FlowableSwitchMapCompletablePerf.flowablePlain#count=1000000,"(5, 100)",0.06145029859540666,500,72604525.7142857,72501540.57142857,72712192.0
rxjava#io.reactivex.XMapYPerf.flowFlatMapMaybe1#times=10000,"(5, 100)",0.03991924941492421,500,1117467.7452513967,1116555.8703910618,1118508.8347714928
rxjava#io.reactivex.xmapz.ObservableConcatMapCompletablePerf.observableDedicated#count=1000,"(5, 100)",0.006908838250700666,500,38689.05104630141,38629.43954625769,38741.94101210805
rxjava#io.reactivex.xmapz.ObservableConcatMapSinglePerf.observableConvert#count=1,"(5, 100)",0.5630815787097158,500,99.55722485476716,99.32122094638315,99.8449166004766
rxjava#io.reactivex.StrictPerf.external#count=10&cpu=10,"(5, 100)",0.1274103486014871,500,507.9467279240987,506.01864456449675,512.7956328909809
rxjava#io.reactivex.XMapYPerf.obsFlatMapIterableAsObs0#times=100000,"(5, 100)",0.02462461339101367,500,10110500.202020204,10103797.37936162,10121753.85858586
rxjava#io.reactivex.xmapz.FlowableConcatMapSinglePerf.flowableDedicated#count=1000000,"(5, 100)",0.010940319608197241,500,94389713.45454547,94294388.36363636,94490996.36363636
rxjava#io.reactivex.xmapz.FlowableConcatMapMaybePerf.flowableConvert#count=1000000,"(5, 100)",0.055655323550781954,500,128303104.0,128131072.0,128581632.0
rxjava#io.reactivex.FlowableFlatMapCompletableAsyncPerf.flatMapCompletable#items=1&maxConcurrency=1&work=1000,"(5, 100)",0.09365042880866735,500,53905.082833701425,53401.4918822378,54345.132931377186
rxjava#io.reactivex.CallableAsyncPerf.subscribeOnCompletable#,"(5, 100)",0.12966963881653656,500,10882.718096342876,10721.274280695492,11086.889179002364
rxjava#io.reactivex.xmapz.ObservableSwitchMapCompletablePerf.observableDedicated#count=1000000,"(5, 100)",0.09909349827917012,500,26118196.512820512,26083748.102564108,26178271.179487176
rxjava#io.reactivex.xmapz.ObservableConcatMapSinglePerf.observableConvert#count=100000,"(5, 100)",0.11937093327928656,500,8241537.959626067,8012693.504,8976676.571428573
rxjava#io.reactivex.parallel.ParallelPerf.parallel#compute=10000&count=10000&parallelism=2,"(5, 100)",0.025547873879300916,500,140410880.0,140279808.0,140607488.0
rxjava#io.reactivex.FlowableFlatMapCompletableAsyncPerf.flatMapCompletable#items=100&maxConcurrency=8&work=10,"(5, 100)",0.030761051654211224,500,253743.26883560827,252916.40238497892,254914.2857142857
rxjava#io.reactivex.xmapz.FlowableConcatMapMaybePerf.flowablePlain#count=100000,"(5, 100)",0.007193452018556398,500,1891597.066162571,1890954.4045368624,1893038.5454545456
rxjava#io.reactivex.FlowableFlatMapCompletableSyncPerf.flatMapCompletable#items=10000&maxConcurrency=256,"(5, 100)",0.03461671056205325,500,1014911.3502538073,1003997.62248996,1016696.6228155061
rxjava#io.reactivex.XMapYPerf.flowFlatMapSingleAsFlow1#times=100,"(5, 100)",0.04072663370074318,500,18806.11765069993,18782.33814541228,18843.237894029713
rxjava#io.reactivex.xmapz.FlowableSwitchMapMaybePerf.flowablePlain#count=1000000,"(5, 100)",0.09097803737698447,500,84148224.0,83765930.66666667,84863658.66666667
rxjava#io.reactivex.xmapz.ObservableConcatMapMaybeEmptyPerf.observablePlain#count=100000,"(5, 100)",0.004625006543427807,500,3764208.6015037596,3763700.45112782,3764547.3684210526
rxjava#io.reactivex.RxVsStreamPerf.rangeFlatMapJust#times=1000000,"(5, 100)",0.09797221814632878,500,23854713.90476191,23730890.418604657,24508066.341463417
rxjava#io.reactivex.xmapz.FlowableSwitchMapSinglePerf.flowableDedicated#count=1000000,"(5, 100)",0.07761733303139745,500,57043626.66666667,56714126.222222224,58068637.01333332
rxjava#io.reactivex.xmapz.FlowableSwitchMapSinglePerf.flowableDedicated#count=100000,"(5, 100)",0.07395995253968668,500,5680244.363636364,5675088.9943502825,5684456.727272728
rxjava#io.reactivex.BinaryFlatMapPerf.completableFlatMapPublisher#times=1000,"(5, 100)",0.011599250618076352,500,10805.335838699688,10801.602901804992,10814.234394687719
rxjava#io.reactivex.xmapz.FlowableSwitchMapMaybeEmptyPerf.flowablePlain#count=10,"(5, 100)",0.10101228675194435,500,855.6280111718078,852.8953294365647,859.6228103069589
rxjava#io.reactivex.xmapz.ObservableFlatMapMaybePerf.observablePlain#count=100,"(5, 100)",0.05789374138590366,500,2740.875468833434,2735.781343947157,2748.866944043474
rxjava#io.reactivex.parallel.ParallelPerf.groupBy#compute=10000&count=10000&parallelism=3,"(5, 100)",0.08719570302425263,500,110041497.6,108226150.4,112057840.0711111
rxjava#io.reactivex.XMapYPerf.flowFlatMapMaybe0#times=100,"(5, 100)",0.0506256398068372,500,10805.45777698527,10778.046272381158,10840.392114235552
rxjava#io.reactivex.parallel.ParallelPerf.parallel#compute=1&count=10000&parallelism=1,"(5, 100)",0.2214418984576849,500,1106633.0614532,1102695.4172185431,1108996.5460599335
rxjava#io.reactivex.FlowableFlatMapCompletableAsyncPerf.flatMapCompletable#items=100&maxConcurrency=8&work=1000,"(5, 100)",0.03470354640715586,500,258758.6062795758,257614.30207070566,259832.2756315872
rxjava#io.reactivex.BinaryFlatMapPerf.maybeFlatMapObservable#times=1000,"(5, 100)",0.006643839597822798,500,7648.591756271056,7639.383590827281,7654.903559867239
rxjava#io.reactivex.XMapYPerf.flowFlatMapMaybeAsFlow0#times=10000,"(5, 100)",0.03598305879675097,500,1463649.8272327967,1463026.5263157897,1464266.0638360176
rxjava#io.reactivex.FlattenRangePerf.flowable#times=1000000,"(5, 100)",0.08450052064827293,500,46497792.0,46396509.09090909,46634821.81818182
rxjava#io.reactivex.xmapz.FlowableConcatMapMaybeEmptyPerf.flowablePlain#count=100000,"(5, 100)",0.0052096894345832565,500,715751.078024338,715674.113099499,715822.1789549034
rxjava#io.reactivex.xmapz.FlowableConcatMapMaybePerf.flowableConvert#count=1000,"(5, 100)",0.03205310981079994,500,124364.25684420113,124271.95599104703,124440.88097898352
rxjava#io.reactivex.xmapz.ObservableFlatMapMaybeEmptyPerf.observablePlain#count=10000,"(5, 100)",0.006460878576937442,500,34587.616487952735,34584.942134550365,34590.65167453349
rxjava#io.reactivex.XMapYPerf.obsFlatMapSingle1#times=100,"(5, 100)",0.04359879549749885,500,10941.92294432641,10920.931045644127,10960.241339859846
rxjava#io.reactivex.parallel.ParallelPerf.flatMap#compute=10000&count=10000&parallelism=2,"(5, 100)",0.02362014613367926,500,573046784.0,571736064.0,574619648.0000001
rxjava#io.reactivex.PublishProcessorPerf.unbounded1m#,"(5, 100)",0.008066945247803218,500,12446783.209876545,12433534.419753086,12456997.92592593
rxjava#io.reactivex.xmapz.ObservableSwitchMapMaybePerf.observableDedicated#count=1000,"(5, 100)",0.024166271684374,500,57308.87591105883,57237.44127776728,57339.791262414605
rxjava#io.reactivex.xmapz.ObservableSwitchMapMaybePerf.observableConvert#count=100000,"(5, 100)",0.03036797416609979,500,12515328.0,12500170.752,12527411.2
rxjava#io.reactivex.xmapz.ObservableConcatMapSinglePerf.observableDedicated#count=100000,"(5, 100)",0.010872908463067186,500,9318172.444444448,9312483.555555554,9334025.48148148
rxjava#io.reactivex.xmapz.ObservableSwitchMapCompletablePerf.observableConvert#count=10,"(5, 100)",0.10092829175929331,500,1096.9842337505693,1093.015240972127,1102.0495807658917
rxjava#io.reactivex.XMapYPerf.flowFlatMapSingleAsFlow1#times=1,"(5, 100)",0.6872238709862891,500,100.39797233671348,99.77145805872536,101.43445527015058
rxjava#io.reactivex.StrictPerf.external#count=10000&cpu=10000,"(5, 100)",0.002029934710689654,500,273154048.00000006,273154048.00000006,273154048.00000006
rxjava#io.reactivex.xmapz.ObservableSwitchMapMaybePerf.observablePlain#count=10,"(5, 100)",0.09341741891123972,500,905.8510490111528,901.1167841215731,915.8633897613295
rxjava#io.reactivex.StrictPerf.internal#count=10000&cpu=10000,"(5, 100)",0.001968771713682108,500,273154048.00000006,273154048.00000006,273154048.00000006
rxjava#io.reactivex.XMapYPerf.flowFlatMapFlowable0#times=1000,"(5, 100)",0.012503492070629438,500,7898.46400706394,7895.145440709939,7901.0355940922655
rxjava#io.reactivex.FlowableFlatMapCompletableAsyncPerf.flatMapCompletable#items=1&maxConcurrency=8&work=1000,"(5, 100)",0.11395382576149436,500,55267.85649244988,54583.69495048963,55980.66675993459
rxjava#io.reactivex.FlowableFlatMapCompletableAsyncPerf.flatMapCompletable#items=1&maxConcurrency=128&work=1000,"(5, 100)",0.0828585976370357,500,54292.280359484066,53665.06794192259,54914.47015508298
rxjava#io.reactivex.parallel.ParallelPerf.groupBy#compute=1&count=10000&parallelism=1,"(5, 100)",0.21118771303484943,500,1650878.9438943896,1644271.2855284833,1658466.7847473598
rxjava#io.reactivex.parallel.ParallelPerf.parallel#compute=100&count=10000&parallelism=1,"(5, 100)",0.13105575191895333,500,6023686.1686747,6021169.349397592,6027091.277108433
rxjava#io.reactivex.FlowableFlatMapCompletableAsyncPerf.flatMapCompletable#items=1000&maxConcurrency=128&work=100,"(5, 100)",0.043437570431532166,500,2525116.767676768,2513266.4924623114,2537686.650152284
rxjava#io.reactivex.CallableAsyncPerf.observeOnMaybe#,"(5, 100)",0.14680697040163793,500,11478.982304448182,11336.844248914327,11591.722763477219
rxjava#io.reactivex.FlowableFlatMapCompletableSyncPerf.flatMapCompletable#items=10000&maxConcurrency=1,"(5, 100)",0.04058892159386364,500,1018871.132204347,1017967.4628687692,1019617.9898063202
rxjava#io.reactivex.XMapYPerf.flowFlatMapCompletable0#times=1,"(5, 100)",0.3671084999316332,500,192.9990723139821,192.29637338961183,193.91728075147788
rxjava#io.reactivex.BinaryFlatMapPerf.maybeFlatMapHideObservable#times=1000000,"(5, 100)",0.012153445182042916,500,8920324.207332492,8917825.699115044,8926208.000000002
rxjava#io.reactivex.FlatMapJustPerf.observable#times=100,"(5, 100)",0.14389167316818935,500,656644.402492377,647735.1032343043,666942.3668434876
rxjava#io.reactivex.xmapz.ObservableSwitchMapMaybePerf.observableDedicated#count=10000,"(5, 100)",0.02897439149975113,500,561563.3258426967,561337.711398091,561896.1469168799
rxjava#io.reactivex.FlowableFlatMapCompletableSyncPerf.flatMap#items=10000&maxConcurrency=8,"(5, 100)",0.028596649126074198,500,1294374.425138583,1293400.7554980596,1295752.7411398964
rxjava#io.reactivex.FlattenJustPerf.flowable#times=100,"(5, 100)",0.08566670485534841,500,2172.4192044745196,2167.4819840366986,2182.015758636945
rxjava#io.reactivex.xmapz.FlowableConcatMapCompletablePerf.flowableDedicated#count=100,"(5, 100)",0.021638531483833566,500,7609.04398822796,7598.046137403009,7647.940118725903
rxjava#io.reactivex.XMapYPerf.obsFlatMapCompletableAsObs0#times=1000000,"(5, 100)",0.0764768161843905,500,134324224.0,134119424.0,134529024.0
rxjava#io.reactivex.xmapz.ObservableFlatMapSinglePerf.observablePlain#count=100,"(5, 100)",0.061198478959812216,500,2741.547741099263,2732.949909588377,2748.848249239133
rxjava#io.reactivex.XMapYPerf.obsFlatMapMaybe1#times=1,"(5, 100)",0.38647438328084766,500,246.7026985362894,245.3195391356746,248.49432751922626
rxjava#io.reactivex.XMapYPerf.flowFlatMapCompletableAsFlow0#times=1000,"(5, 100)",0.031925951878917794,500,146743.93829397642,146692.99970631424,146816.55849641975
rxjava#io.reactivex.XMapYPerf.obsFlatMapSingle1#times=1,"(5, 100)",0.3883136067696599,500,244.41098639676585,242.71753955991267,248.02465583996565
rxjava#io.reactivex.XMapYPerf.obsFlatMapCompletable0#times=1,"(5, 100)",0.25691687384368506,500,195.52622470878703,194.63797639945756,196.50347331152244
rxjava#io.reactivex.OperatorMergePerf.merge1SyncStreamOfN#size=1000,"(5, 100)",0.06186989434614551,500,11695.352563285907,11667.97723146647,11730.548672566374
rxjava#io.reactivex.parallel.ParallelPerf.flatMap#compute=10000&count=10000&parallelism=3,"(5, 100)",0.02072067975752912,500,389895509.3333334,388846933.3333333,390594560.00000006
rxjava#io.reactivex.xmapz.FlowableConcatMapCompletablePerf.flowableDedicated#count=1000000,"(5, 100)",0.028309471223512826,500,73999506.2857143,73550116.57142858,75094893.71428572
rxjava#io.reactivex.BinaryFlatMapPerf.singleFlatMapPublisher#times=1000000,"(5, 100)",0.002538594262362176,500,6983338.666666667,6982172.444444446,6984476.444444445
rxjava#io.reactivex.xmapz.FlowableConcatMapCompletablePerf.flowablePlain#count=1000,"(5, 100)",0.016847582660492,500,7355.443653668852,7341.3837238485285,7360.78016606796
rxjava#io.reactivex.BlockingPerf.observableBlockingFirst#times=1000,"(5, 100)",0.3450673898808894,500,72.26649865661278,72.0066007214558,72.45924873181835
rxjava#io.reactivex.XMapYPerf.obsFlatMapObservable0#times=1,"(5, 100)",0.31530910746309615,500,38.01782134139566,37.926251466418066,38.101911741090305
rxjava#io.reactivex.XMapYPerf.obsFlatMapSingleAsObs1#times=1000000,"(5, 100)",0.06283392476763328,500,173058730.66666666,172665514.6666667,173495637.3333333
rxjava#io.reactivex.XMapYPerf.obsFlatMapSingle1#times=10000,"(5, 100)",0.039141871598619156,500,1130831.92760181,1129580.7638418078,1132856.3083900227
rxjava#io.reactivex.parallel.ParallelPerf.groupBy#compute=10000&count=10000&parallelism=1,"(5, 100)",0.02454692996824695,500,277348352.0,277217280.0,277479424.00000006
rxjava#io.reactivex.XMapYPerf.obsFlatMapIterable1#times=1,"(5, 100)",0.3660648709610154,500,69.34618290253121,69.09612023767913,69.57952234982295
rxjava#io.reactivex.OperatorFlatMapPerf.flatMapIntPassthruAsync#size=1,"(5, 100)",0.10592378233041115,500,52687.08217964703,52160.28153476351,53242.19996800512
rxjava#io.reactivex.FlowableFlatMapCompletableAsyncPerf.flatMapCompletable#items=1000&maxConcurrency=8&work=10,"(5, 100)",0.044746517081713816,500,2526621.7373737376,2516549.467336684,2538901.4416243657
rxjava#io.reactivex.XMapYPerf.flowFlatMapIterable0#times=1,"(5, 100)",0.2590823863271984,500,38.956097652073765,38.681844052362,39.2292674597302
rxjava#io.reactivex.BinaryFlatMapPerf.completableFlattenAsPublisher#times=1000,"(5, 100)",0.017597395877633776,500,7358.648429768336,7349.860918595094,7378.107117688515
rxjava#io.reactivex.xmapz.FlowableSwitchMapMaybePerf.flowableDedicated#count=100,"(5, 100)",0.041037377867886256,500,6440.259825799189,6408.788853357823,6458.758986414525
rxjava#io.reactivex.CallableAsyncPerf.pipelineFlowable#,"(5, 100)",0.18491836700119407,500,22115.005086676854,21996.288385414504,22255.077672301468
rxjava#io.reactivex.XMapYPerf.obsFlatMapCompletableAsObs0#times=10000,"(5, 100)",0.039477987972922304,500,1352519.707713126,1351502.7511351353,1353373.3412719893
rxjava#io.reactivex.parallel.ParallelPerf.groupBy#compute=100&count=10000&parallelism=4,"(5, 100)",0.16244940834487764,500,9614823.619047618,9463382.943396227,9748877.669902913
rxjava#io.reactivex.parallel.ParallelPerf.parallel#compute=10000&count=10000&parallelism=3,"(5, 100)",0.017095177464165837,500,93901172.36363636,93859467.63636364,94056075.63636364
rxjava#io.reactivex.XMapYPerf.obsFlatMapIterable1#times=1000000,"(5, 100)",0.24039313330888204,500,15363971.878787883,15346470.787878789,15383063.630769232
rxjava#io.reactivex.StrictPerf.internal#count=1&cpu=10,"(5, 100)",0.3930428646054433,500,74.8602400242383,74.32389322916667,75.21815653663555
rxjava#io.reactivex.XMapYPerf.obsFlatMapMaybe1#times=100,"(5, 100)",0.045546633041633054,500,10920.01009235182,10896.713743867134,10958.435478260872
rxjava#io.reactivex.XMapYPerf.flowFlatMapSingleAsFlow1#times=1000,"(5, 100)",0.028430250275166886,500,184940.19470664446,184795.31360946747,185082.1678088535
rxjava#io.reactivex.RxVsStreamPerf.rangeObservable#times=1000000,"(5, 100)",0.17305398498216035,500,10057400.32,10036019.2,10075750.400000002
rxjava#io.reactivex.FlowableFlatMapCompletableAsyncPerf.flatMapCompletable#items=100000&maxConcurrency=128&work=1,"(5, 100)",0.05298411275909103,500,251199488.0,250249216.0,253394944.0
rxjava#io.reactivex.BinaryFlatMapPerf.singleFlatMapHidePublisher#times=1000000,"(5, 100)",0.013279462927667024,500,8546846.632478634,8543065.70940171,8549087.17948718
rxjava#io.reactivex.xmapz.FlowableSwitchMapSinglePerf.flowableDedicated#count=1,"(5, 100)",0.3683572383984501,500,238.6481758393799,235.60213164968127,239.71344250722538
rxjava#io.reactivex.FlowableFlatMapCompletableSyncPerf.flatMap#items=10&maxConcurrency=128,"(5, 100)",0.09673898511835861,500,1595.8464736145443,1569.5070933382306,1618.3892678906643
rxjava#io.reactivex.FlatMapJustPerf.observable#times=1000000,"(5, 100)",0.13178301595265465,500,666776.7631754505,658382.46168089,673884.2587826552
rxjava#io.reactivex.XMapYPerf.flowFlatMapIterable0#times=1000000,"(5, 100)",0.005941591965433737,500,4139236.4958677683,4137188.4958677692,4149672.9387551863
rxjava#io.reactivex.XMapYPerf.obsFlatMapMaybeAsObs0#times=10,"(5, 100)",0.11104820990938338,500,1569.9946415392901,1552.047755197886,1579.6135161811048
rxjava#io.reactivex.xmapz.FlowableConcatMapMaybeEmptyPerf.flowableConvert#count=1000000,"(5, 100)",0.042626833229456026,500,103559987.2,103304396.80000001,103730380.80000001
rxjava#io.reactivex.xmapz.FlowableConcatMapMaybeEmptyPerf.flowablePlain#count=1,"(5, 100)",0.6712215010491723,500,42.1194743958207,41.99067699389859,42.293878109876815
rxjava#io.reactivex.FlattenRangePerf.observable#times=10000,"(5, 100)",0.014347633134266197,500,225880.00361500226,225861.7463844006,225890.00994125626
rxjava#io.reactivex.xmapz.FlowableSwitchMapMaybePerf.flowableDedicated#count=10,"(5, 100)",0.16843060752103506,500,814.9352152189892,812.6763919919396,818.8463707241237
rxjava#io.reactivex.BlockingPerf.observableBlockingFirst#times=1000000,"(5, 100)",0.47963910070495125,500,72.57918218993694,72.20223707945942,72.92364438461462
rxjava#io.reactivex.xmapz.ObservableConcatMapMaybePerf.observableDedicated#count=100000,"(5, 100)",0.03370216260322592,500,9337578.46728972,9335845.925925924,9339415.925233644
rxjava#io.reactivex.xmapz.ObservableFlatMapSinglePerf.observablePlain#count=100000,"(5, 100)",0.03421151976545962,500,2496777.576059851,2495020.688279302,2498826.24
rxjava#io.reactivex.FlowableFlatMapCompletableAsyncPerf.flatMapCompletable#items=10000&maxConcurrency=256&work=1000,"(5, 100)",0.028266819946114553,500,24851331.121951222,24794186.92682927,24916467.51219512
rxjava#io.reactivex.FlattenCrossMapPerf.flowable#times=10,"(5, 100)",0.007073698251205687,500,14887996.23529412,14881490.823529417,14892092.23529412
rxjava#io.reactivex.xmapz.ObservableSwitchMapMaybePerf.observableConvert#count=1000,"(5, 100)",0.031696455774370184,500,124596.00598503741,124496.66375981063,124682.36456643794
rxjava#io.reactivex.FlattenJustPerf.flowable#times=10000,"(5, 100)",0.030142400504523076,500,212435.34693877556,212067.84783989092,212767.0666382797
rxjava#io.reactivex.parallel.ParallelPerf.flatMap#compute=10&count=10000&parallelism=1,"(5, 100)",0.06530847949969013,500,598474752.0,592707584.0,602406912.0
rxjava#io.reactivex.EachTypeFlatMapPerf.bpRangeMapJust#times=1000,"(5, 100)",0.044465708219878525,500,24004.70215413509,23909.129031264958,24176.203019428773
rxjava#io.reactivex.BinaryFlatMapPerf.singleFlatMapObservable#times=1,"(5, 100)",0.2745769519096457,500,75.15273252144164,75.02128081246728,75.32674007788125
rxjava#io.reactivex.xmapz.ObservableSwitchMapSinglePerf.observableDedicated#count=10000,"(5, 100)",0.02333581957302996,500,562670.4144144144,562081.5120967214,563560.6444645394
rxjava#io.reactivex.xmapz.FlowableConcatMapCompletablePerf.flowableDedicated#count=100000,"(5, 100)",0.01916606339603182,500,7550005.894736843,7543600.120300752,7557181.593984963
rxjava#io.reactivex.xmapz.ObservableConcatMapSinglePerf.observableDedicated#count=1,"(5, 100)",1.3418251158853622,500,64.5045861364589,64.23895302715609,64.89225093856814
rxjava#io.reactivex.XMapYPerf.flowFlatMapIterable1#times=100000,"(5, 100)",0.032993778792524416,500,2079643.941787942,2077007.6043153524,2084855.6799999997
rxjava#io.reactivex.FlowableFlatMapCompletableSyncPerf.flatMap#items=100&maxConcurrency=256,"(5, 100)",0.06126932626937852,500,13580.951374965225,13495.64264343079,13851.428984695352
rxjava#io.reactivex.XMapYPerf.flowFlatMapCompletableAsFlow0#times=100,"(5, 100)",0.03538707982260381,500,15166.563006076358,15132.654661307057,15189.957314521434
rxjava#io.reactivex.XMapYPerf.flowFlatMapFlowable1#times=1,"(5, 100)",0.3726665404747073,500,50.02035201015772,49.88460881146315,50.16051405614386
rxjava#io.reactivex.xmapz.FlowableConcatMapSinglePerf.flowableConvert#count=100,"(5, 100)",0.04726508061100622,500,12619.477403397124,12596.929923019616,12642.838883228835
rxjava#io.reactivex.parallel.ParallelPerf.parallel#compute=100&count=10000&parallelism=4,"(5, 100)",0.09832533296420372,500,2842053.8181818184,2750320.597220961,2891195.9306358383
rxjava#io.reactivex.xmapz.FlowableSwitchMapCompletablePerf.flowableDedicated#count=100,"(5, 100)",0.08370657075603447,500,3078.536051408705,3035.202991386642,3100.365986331303
rxjava#io.reactivex.EachTypeFlatMapPerf.singleJustMapJust#times=1,"(5, 100)",0.4445154279546965,500,88.0532474131681,87.75346938775513,88.28227019954203
rxjava#io.reactivex.xmapz.FlowableConcatMapSinglePerf.flowablePlain#count=1000000,"(5, 100)",0.0069324484020929665,500,18882405.433962263,18877459.32075472,18886115.018867925
rxjava#io.reactivex.EachTypeFlatMapPerf.nbpRange#times=1000,"(5, 100)",0.0568031466057815,500,8435.758561027982,8419.563706692454,8459.618692297663
rxjava#io.reactivex.xmapz.FlowableFlatMapCompletablePerf.flowableDedicated#count=1000,"(5, 100)",0.03733448224858725,500,90639.23848695942,90095.67635535347,91201.45769313557
rxjava#io.reactivex.xmapz.ObservableSwitchMapSinglePerf.observableDedicated#count=1000,"(5, 100)",0.03159763748597895,500,57318.732009640764,57261.022221019215,57348.41658054887
rxjava#io.reactivex.xmapz.ObservableFlatMapMaybeEmptyPerf.observableDedicated#count=100,"(5, 100)",0.0470137417833025,500,10839.342862561873,10825.269063184985,10875.719522470914
rxjava#io.reactivex.xmapz.ObservableConcatMapMaybePerf.observablePlain#count=1000,"(5, 100)",0.1296582403526984,500,59060.00946073796,58965.00159015862,59139.21721899489
rxjava#io.reactivex.xmapz.FlowableFlatMapCompletablePerf.flowableDedicated#count=1,"(5, 100)",0.2777915729384578,500,202.89720351732802,201.8468690858224,203.93178929630045
rxjava#io.reactivex.CallableAsyncPerf.subscribeOnSingle#,"(5, 100)",0.13371869750511572,500,11133.85432863561,11019.926032786889,11258.590417106445
rxjava#io.reactivex.StrictPerf.internal#count=1000000&cpu=1000,"(5, 100)",0.00843563598476228,500,2646605824.0000005,2646605824.0000005,2646605824.0000005
rxjava#io.reactivex.BlockingGetPerf.completable#,"(5, 100)",0.408374179266361,500,51.407418524871346,51.30653669651325,51.51091762420964
rxjava#io.reactivex.XMapYPerf.flowFlatMapIterableAsFlow1#times=10,"(5, 100)",0.07984660812150018,500,1695.43182298972,1690.2851270555868,1701.6506225609367
rxjava#io.reactivex.xmapz.ObservableFlatMapMaybeEmptyPerf.observableDedicated#count=10000,"(5, 100)",0.03591009688538505,500,1041261.9582379467,1040793.7038917795,1041891.2000000002
rxjava#io.reactivex.xmapz.ObservableConcatMapMaybePerf.observablePlain#count=1,"(5, 100)",0.4068425060800936,500,54.01917286932576,53.59120306749156,54.3457117380128
rxjava#io.reactivex.xmapz.FlowableSwitchMapCompletablePerf.flowableConvert#count=10000,"(5, 100)",0.08113147912352946,500,2200246.6960352426,2196734.312087912,2203874.1370925107
rxjava#io.reactivex.xmapz.ObservableSwitchMapMaybeEmptyPerf.observableDedicated#count=1,"(5, 100)",1.3318554367157267,500,56.019934771633146,55.69210341100271,56.37843411770345
rxjava#io.reactivex.XMapYPerf.flowFlatMapIterableAsFlow0#times=100000,"(5, 100)",0.025440554864240576,500,11913703.619047623,11903366.095238097,11923456.0
rxjava#io.reactivex.FlowableFlatMapCompletableAsyncPerf.flatMapCompletable#items=1000&maxConcurrency=128&work=10,"(5, 100)",0.044904887124492955,500,2549608.4897959186,2538729.9086294416,2562447.097435897
rxjava#io.reactivex.XMapYPerf.flowFlatMapSingleAsFlow1#times=10000,"(5, 100)",0.0420588922771673,500,1845346.243542435,1844310.9077490778,1846413.6974169742
rxjava#io.reactivex.RxVsStreamPerf.rangeObservableFlatMapJust#times=1000000,"(5, 100)",0.10827938116456692,500,23572384.744186047,23506086.697674423,23676785.11627907
rxjava#io.reactivex.FlowableFlatMapCompletableAsyncPerf.flatMapCompletable#items=1&maxConcurrency=128&work=100,"(5, 100)",0.14058425472582475,500,51333.24445588211,50729.004500614086,51961.15707814859
rxjava#io.reactivex.StrictPerf.external#count=1000000&cpu=10,"(5, 100)",0.008906086746417408,500,34359432.53333333,34237098.66666667,34373632.0
rxjava#io.reactivex.xmapz.FlowableConcatMapMaybeEmptyPerf.flowableDedicated#count=100,"(5, 100)",0.03344412850701497,500,8470.457226843939,8464.104451634408,8506.676737780075
rxjava#io.reactivex.xmapz.ObservableConcatMapSinglePerf.observablePlain#count=10000,"(5, 100)",0.14831675842967884,500,635888.0407124683,634734.5861107764,636791.0318471338
rxjava#io.reactivex.FlowableFlatMapCompletableAsyncPerf.flatMapCompletable#items=10000&maxConcurrency=8&work=10,"(5, 100)",0.03800212223999155,500,26229523.692307696,26125758.358974367,26356250.94736842
rxjava#io.reactivex.StrictPerf.internal#count=1000&cpu=100,"(5, 100)",0.002836568173861223,500,274967.8237885463,274961.268722467,274981.21585903084
rxjava#io.reactivex.xmapz.ObservableFlatMapMaybeEmptyPerf.observableConvert#count=1,"(5, 100)",0.9151999187129333,500,95.78171127898386,95.29343741454156,96.24462976979143
rxjava#io.reactivex.XMapYPerf.obsFlatMapIterableAsObs1#times=1000000,"(5, 100)",0.11815779588539306,500,120076515.55555555,118743950.22222221,123498951.11111112
rxjava#io.reactivex.xmapz.ObservableSwitchMapMaybeEmptyPerf.observablePlain#count=1,"(5, 100)",0.33528824762663234,500,60.005253615723774,59.43580983741511,60.48739805487529
rxjava#io.reactivex.FlowableFlatMapCompletableAsyncPerf.flatMapCompletable#items=10&maxConcurrency=128&work=10,"(5, 100)",0.058947212072739986,500,35131.07653973639,34936.546409400005,35301.7402869261
rxjava#io.reactivex.XMapYPerf.flowFlatMapFlowable0#times=1000000,"(5, 100)",0.004660081331305659,500,4575269.406392694,4574914.045662101,4575587.360730595
rxjava#io.reactivex.FlowableFlatMapCompletableAsyncPerf.flatMapCompletable#items=100&maxConcurrency=8&work=100,"(5, 100)",0.03793737453847014,500,255348.43579970708,254661.39994901867,256141.55139707768
rxjava#io.reactivex.FlowableFlatMapCompletableSyncPerf.flatMapCompletable#items=100000&maxConcurrency=1,"(5, 100)",0.03737523114467244,500,10137062.141414143,10111906.495353535,10164368.80808081
rxjava#io.reactivex.xmapz.FlowableFlatMapCompletablePerf.flowableConvert#count=100000,"(5, 100)",0.02623887760689791,500,14691936.463768117,14683268.971594201,14705658.491526004
rxjava#io.reactivex.xmapz.FlowableFlatMapSinglePerf.flowableDedicated#count=1000,"(5, 100)",0.03672930479294639,500,108669.42468733009,108543.29102110036,108884.96734008937
rxjava#io.reactivex.OperatorMergePerf.mergeNSyncStreamsOfN#size=1000,"(5, 100)",0.041848780904861806,500,11250561.438202247,11243634.544818977,11258938.448539326
rxjava#io.reactivex.FlowableFlatMapCompletableSyncPerf.flatMapCompletable#items=1000&maxConcurrency=128,"(5, 100)",0.03894299639167498,500,100443.96260178948,100236.73836276084,102011.45985867559
rxjava#io.reactivex.xmapz.ObservableFlatMapMaybeEmptyPerf.observableDedicated#count=100000,"(5, 100)",0.039867775737222284,500,10411093.333333334,10401728.659793815,10416554.666666668
rxjava#io.reactivex.xmapz.FlowableSwitchMapCompletablePerf.flowableConvert#count=100,"(5, 100)",0.1674390456444718,500,22132.807071614137,22091.365653407043,22192.17575313572
rxjava#io.reactivex.parallel.ParallelPerf.flatMap#compute=1&count=10000&parallelism=4,"(5, 100)",0.5938999886923982,500,43420330.666666664,43068074.66666667,43857830.956521735
rxjava#io.reactivex.FlowableFlatMapCompletableSyncPerf.flatMap#items=10&maxConcurrency=32,"(5, 100)",0.09388047499115079,500,1558.5121742749009,1551.028223468481,1564.195731007574
rxjava#io.reactivex.xmapz.ObservableSwitchMapMaybePerf.observablePlain#count=1,"(5, 100)",0.35493796627771024,500,53.26450135029559,53.079541099845876,53.39291448250653
rxjava#io.reactivex.XMapYPerf.obsFlatMapIterable0#times=100,"(5, 100)",0.2706273676648018,500,177.67490962853236,177.30714992998605,178.00314729712142
rxjava#io.reactivex.xmapz.ObservableFlatMapSinglePerf.observableConvert#count=1000000,"(5, 100)",0.07146676139370108,500,172272298.6666667,172053845.33333334,172709205.33333334
rxjava#io.reactivex.FlowableFlatMapCompletableSyncPerf.flatMap#items=1&maxConcurrency=128,"(5, 100)",0.42657093841109794,500,69.00630863406704,68.56546343265845,69.62226500140856
rxjava#io.reactivex.FlowableFlatMapCompletableSyncPerf.flatMap#items=100&maxConcurrency=128,"(5, 100)",0.0643643681084461,500,14563.031503741577,14482.857237036167,14650.73357498963
rxjava#io.reactivex.xmapz.ObservableFlatMapSinglePerf.observableConvert#count=100000,"(5, 100)",0.030052863684025093,500,17505456.551724136,17410542.344827585,17681788.13754386
rxjava#io.reactivex.xmapz.FlowableConcatMapCompletablePerf.flowableConvert#count=1000000,"(5, 100)",0.03129425103323819,500,89549482.66666666,89423872.0,89724245.33333334
rxjava#io.reactivex.parallel.ParallelPerf.groupBy#compute=1&count=10000&parallelism=2,"(5, 100)",0.10442914240536114,500,3838809.317064545,3813587.053435115,3864253.301621621
rxjava#io.reactivex.xmapz.FlowableConcatMapMaybeEmptyPerf.flowableDedicated#count=1000,"(5, 100)",0.00659050899078053,500,77684.84360453195,77681.90660512578,77688.0572317263
rxjava#io.reactivex.BlockingGetPerf.observableBlockingLast#,"(5, 100)",0.39948803629497603,500,72.09797784318731,71.95072294569209,72.26548002181352
rxjava#io.reactivex.xmapz.FlowableSwitchMapSinglePerf.flowableDedicated#count=10000,"(5, 100)",0.053531649095655484,500,579821.8158135782,579148.5330243338,582491.2046647231
rxjava#io.reactivex.xmapz.FlowableSwitchMapMaybeEmptyPerf.flowableDedicated#count=10,"(5, 100)",0.2648119205432443,500,570.0889174344704,565.9020709053725,586.6429940454501
rxjava#io.reactivex.OperatorMergePerf.oneStreamOfNthatMergesIn1#size=1000,"(5, 100)",0.038030357758869975,500,23995.194388471078,23962.74877269911,24023.853905461867
rxjava#io.reactivex.xmapz.FlowableConcatMapSinglePerf.flowableConvert#count=1,"(5, 100)",0.4882809879057426,500,125.66627859550489,125.27312225560436,126.16877056727614
rxjava#io.reactivex.xmapz.FlowableFlatMapMaybePerf.flowableConvert#count=10,"(5, 100)",0.15669174214586531,500,2408.4076045115135,2349.732242463255,2416.723720387853
rxjava#io.reactivex.xmapz.ObservableSwitchMapMaybePerf.observableConvert#count=10,"(5, 100)",0.10269784880399939,500,1397.1599620734958,1360.1681319591892,1409.8774851240842
rxjava#io.reactivex.RangePerf.rangeSync#times=1,"(5, 100)",0.2971744106351658,500,74.29050900798916,73.9419194712156,74.67573181830036
rxjava#io.reactivex.BinaryFlatMapPerf.singleFlatMapObservable#times=1000,"(5, 100)",0.006895729326670252,500,7649.5961707105325,7641.885757899558,7654.224744642067
rxjava#io.reactivex.StrictPerf.internal#count=100000&cpu=10000,"(5, 100)",0.008589628128396507,500,2642411520.0,2642411520.0,2642411520.0
rxjava#io.reactivex.RxVsStreamPerf.range#times=1000,"(5, 100)",0.06806540394762607,500,7385.874616987393,7375.091780835446,7402.102163880565
rxjava#io.reactivex.PublishProcessorPerf.bounded1#,"(5, 100)",0.10055950559218675,500,33.812836397767185,33.753332839579315,33.870977930775354
rxjava#io.reactivex.FlowableFlatMapCompletableAsyncPerf.flatMapCompletable#items=10000&maxConcurrency=1&work=1,"(5, 100)",0.0557395512673448,500,579338240.0,576716800.0,583270400.0
rxjava#io.reactivex.XMapYPerf.obsFlatMapIterable1#times=100000,"(5, 100)",0.05608874274620624,500,1548283.2445820435,1544622.1861965004,1552158.2111801244
rxjava#io.reactivex.XMapYPerf.flowFlatMapMaybeAsFlow0#times=100,"(5, 100)",0.0348085269710849,500,15103.102463918383,15073.10448117985,15126.695745441546
rxjava#io.reactivex.FlowableFlatMapCompletableAsyncPerf.flatMapCompletable#items=100&maxConcurrency=256&work=1000,"(5, 100)",0.050314526959384515,500,261279.4868670905,259896.26007802345,262229.6468118605
rxjava#io.reactivex.FlowableFlatMapCompletableSyncPerf.flatMap#items=10000&maxConcurrency=32,"(5, 100)",0.027239531817574537,500,1293306.701164295,1292463.9520413436,1294203.4364463869
rxjava#io.reactivex.EachTypeFlatMapPerf.bpRangeMapRange#times=1,"(5, 100)",0.2958492725618752,500,119.48168970801581,119.07393308038267,119.99187270501837
rxjava#io.reactivex.EachTypeFlatMapPerf.bpRangeMapJust#times=1,"(5, 100)",0.38051652826015736,500,68.29101394474102,68.02175071022727,68.58928848671587
rxjava#io.reactivex.xmapz.FlowableFlatMapSinglePerf.flowableDedicated#count=1000000,"(5, 100)",0.04957552879315693,500,112066560.00000001,111818979.55555555,112299576.8888889
rxjava#io.reactivex.XMapYPerf.obsFlatMapMaybe0#times=100000,"(5, 100)",0.03958515696111163,500,10362795.546391755,10328338.474226804,10392438.762886597
rxjava#io.reactivex.XMapYPerf.obsFlatMapIterable0#times=10000,"(5, 100)",0.01574129158966013,500,10570.578577867058,10567.675189852009,10576.054004683843
rxjava#io.reactivex.FlowableFlatMapCompletableAsyncPerf.flatMapCompletable#items=10&maxConcurrency=128&work=1,"(5, 100)",0.07033862631213517,500,34891.046788849126,34673.79340168794,35198.99042040047
rxjava#io.reactivex.StrictPerf.internal#count=1000&cpu=1000,"(5, 100)",0.0023398873988326467,500,2733710.6885245903,2733637.945355192,2733766.644808743
rxjava#io.reactivex.xmapz.FlowableSwitchMapCompletablePerf.flowablePlain#count=1,"(5, 100)",0.5443063421382031,500,42.758482244421856,42.530228806346976,43.00197553918546
rxjava#io.reactivex.xmapz.ObservableSwitchMapCompletablePerf.observablePlain#count=1000000,"(5, 100)",0.060974279729250964,500,73096045.71428573,72894756.57142857,73358213.12000002
rxjava#io.reactivex.StrictPerf.internal#count=100&cpu=1000,"(5, 100)",0.002173308601797991,500,273397.636761488,273390.3544857768,273407.08956227347
rxjava#io.reactivex.xmapz.FlowableSwitchMapCompletablePerf.flowableConvert#count=10,"(5, 100)",0.11891824747128722,500,2453.5201353216735,2441.332884399551,2464.6406284536915
rxjava#io.reactivex.StrictPerf.external#count=10000&cpu=1,"(5, 100)",0.0021261137758590057,500,239710.19621012232,239633.98584172662,239740.7140115163
rxjava#io.reactivex.ToFlowablePerf.observable#times=1,"(5, 100)",0.5121326043796056,500,88.82699646015251,88.45461281956278,89.02299571443503
rxjava#io.reactivex.EachTypeFlatMapPerf.nbpRangeMapRange#times=1,"(5, 100)",0.3133962173841593,500,89.9884118455393,89.7949322788111,90.27829574278468
rxjava#io.reactivex.xmapz.ObservableFlatMapMaybePerf.observableConvert#count=1000000,"(5, 100)",0.06831670391603153,500,175024810.66666666,174478677.33333337,176007959.89333335
rxjava#io.reactivex.FlatMapJustPerf.flowable#times=100,"(5, 100)",0.1479331465213641,500,704410.3669123591,696920.4301745668,708217.498421127
rxjava#io.reactivex.BinaryFlatMapPerf.maybeFlattenAsPublisher#times=1,"(5, 100)",0.45790819962013896,500,94.5700732160316,94.33459611607236,94.8344830013374
rxjava#io.reactivex.FlattenRangePerf.observable#times=10,"(5, 100)",0.13575717538419446,500,296.4525565360475,295.78861633873294,297.07840339441714
rxjava#io.reactivex.xmapz.ObservableConcatMapCompletablePerf.observableDedicated#count=1000000,"(5, 100)",0.006744770107307413,500,38313073.777777776,38307005.62962963,38327637.33333333
rxjava#io.reactivex.xmapz.ObservableConcatMapSinglePerf.observablePlain#count=100000,"(5, 100)",0.12382733446187612,500,6805127.8367346935,6643492.468771931,6816189.962448979
rxjava#io.reactivex.XMapYPerf.flowFlatMapIterable1#times=10,"(5, 100)",0.25197413878813846,500,329.92030281362827,327.39087331617986,335.01378860039944
rxjava#io.reactivex.xmapz.FlowableConcatMapCompletablePerf.flowableDedicated#count=1,"(5, 100)",0.2586543192137336,500,234.46100920301274,233.69086087467736,236.17361163134768
rxjava#io.reactivex.xmapz.FlowableSwitchMapMaybePerf.flowableConvert#count=1000,"(5, 100)",0.04224968182306991,500,131327.87380930223,131230.9656625082,131383.7707073363
rxjava#io.reactivex.FlowableFlatMapCompletableSyncPerf.flatMap#items=1000000&maxConcurrency=1,"(5, 100)",0.10620613566602846,500,130015232.0,129548288.0,130867200.00000003
rxjava#io.reactivex.FlowableFlatMapCompletableAsyncPerf.flatMapCompletable#items=100000&maxConcurrency=32&work=1,"(5, 100)",0.06701438964244848,500,255655936.00000006,253067264.00000006,257327104.00000003
rxjava#io.reactivex.xmapz.FlowableConcatMapCompletablePerf.flowablePlain#count=1,"(5, 100)",0.5428228613206012,500,42.92125948399081,42.723897535667966,43.10993995891129
rxjava#io.reactivex.xmapz.FlowableConcatMapMaybePerf.flowablePlain#count=10000,"(5, 100)",0.006943867817573835,500,189126.26310808258,188829.36911736912,189181.7216436281
rxjava#io.reactivex.xmapz.ObservableConcatMapMaybeEmptyPerf.observablePlain#count=10,"(5, 100)",0.1359216680362048,500,502.6822055756513,501.94957870911475,503.45544191726464
rxjava#io.reactivex.FlattenCrossMapPerf.observable#times=10,"(5, 100)",0.09129051279955686,500,7362560.000000002,7359367.529411765,7368342.588235294
rxjava#io.reactivex.parallel.ParallelPerf.flatMap#compute=10&count=10000&parallelism=2,"(5, 100)",0.054726853696118405,500,322174976.0,320864256.0,324403200.0
rxjava#io.reactivex.CallableAsyncPerf.pipelineSingle#,"(5, 100)",0.06322556256624329,500,17275.683731254067,17208.469396831915,17358.223875345022
rxjava#io.reactivex.xmapz.FlowableConcatMapMaybeEmptyPerf.flowablePlain#count=1000000,"(5, 100)",0.010398682208967034,500,7139591.314285714,7136655.432624114,7142546.578285715
rxjava#io.reactivex.xmapz.ObservableConcatMapSinglePerf.observableConvert#count=10000,"(5, 100)",0.1305308931163171,500,775531.0473235068,775028.2914728685,776294.9565217393
rxjava#io.reactivex.xmapz.ObservableConcatMapCompletablePerf.observableConvert#count=1000,"(5, 100)",0.05711055944981804,500,57482.30971342264,57441.716199997594,57527.97432950931
rxjava#io.reactivex.parallel.ParallelPerf.flatMap#compute=100&count=10000&parallelism=1,"(5, 100)",0.06047826201721687,500,601358336.0000001,596639744.0,606076928.0
rxjava#io.reactivex.XMapYPerf.obsFlatMapCompletable0#times=10000,"(5, 100)",0.04490755523223515,500,916474.8377635197,912785.7518248174,918503.5518824612
rxjava#io.reactivex.FlowableFlatMapCompletableSyncPerf.flatMapCompletable#items=1000&maxConcurrency=1,"(5, 100)",0.037920463661868624,500,102507.29032956169,102191.6023320037,102708.96353814399
rxjava#io.reactivex.xmapz.ObservableFlatMapMaybePerf.observableDedicated#count=100,"(5, 100)",0.046946130924334604,500,10952.142154869078,10927.023899725154,10969.952463340276
rxjava#io.reactivex.xmapz.FlowableFlatMapMaybeEmptyPerf.flowableConvert#count=1000,"(5, 100)",0.030052599518299656,500,146409.43493552168,146326.98301113065,146480.1970674487
rxjava#io.reactivex.xmapz.ObservableConcatMapCompletablePerf.observableDedicated#count=10000,"(5, 100)",0.06497316242521539,500,438069.39877300616,436468.5973799127,438243.9421306445
rxjava#io.reactivex.xmapz.FlowableFlatMapCompletablePerf.flowablePlain#count=10000,"(5, 100)",0.018162977118931632,500,49340.84153787515,49326.41687119191,49354.697187962505
rxjava#io.reactivex.XMapYPerf.obsFlatMapCompletable0#times=10,"(5, 100)",0.10044677347367358,500,1056.5033417080986,1050.1690152145322,1061.7428516756127
rxjava#io.reactivex.xmapz.FlowableSwitchMapMaybePerf.flowableDedicated#count=100000,"(5, 100)",0.08735947550837043,500,5717571.291428572,5697092.770909091,5796479.260115607
rxjava#io.reactivex.xmapz.ObservableConcatMapMaybePerf.observableDedicated#count=1000,"(5, 100)",0.007156380553194883,500,93959.85405303743,93935.3582188759,94044.63316393751
rxjava#io.reactivex.EachTypeFlatMapPerf.singleJust#times=1000000,"(5, 100)",0.3414334649718371,500,48.72480140535322,48.61858636982114,48.88779493154674
rxjava#io.reactivex.xmapz.FlowableFlatMapMaybePerf.flowableDedicated#count=100000,"(5, 100)",0.03901212930719397,500,11080175.120879123,11071623.032967035,11090348.054505497
rxjava#io.reactivex.FlowableFlatMapCompletableAsyncPerf.flatMapCompletable#items=100000&maxConcurrency=128&work=100,"(5, 100)",0.04704087635838282,500,250085376.00000003,247988092.928,251592867.83999997
rxjava#io.reactivex.FlatMapJustPerf.observable#times=10,"(5, 100)",0.1517799606357578,500,669668.3498452737,659238.7198739646,677730.6659906472
rxjava#io.reactivex.XMapYPerf.obsFlatMapIterable1#times=10,"(5, 100)",0.2155646911113415,500,231.01384510053958,230.256,231.58426103398062
rxjava#io.reactivex.xmapz.FlowableSwitchMapCompletablePerf.flowableDedicated#count=100000,"(5, 100)",0.021779940091511296,500,2832453.620396601,2830590.914229926,2834049.116827196
rxjava#io.reactivex.BlockingGetPerf.maybe#,"(5, 100)",0.39578994111560833,500,51.716750646878154,51.615151821962705,51.85636416449766
rxjava#io.reactivex.xmapz.ObservableSwitchMapCompletablePerf.observableDedicated#count=100,"(5, 100)",0.04996521327200028,500,2899.4006629895,2891.598055678303,2912.2063114285747
rxjava#io.reactivex.XMapYPerf.flowFlatMapIterable1#times=1000000,"(5, 100)",0.10854852715218748,500,20685301.55102041,20666242.6122449,20729103.673469387
rxjava#io.reactivex.xmapz.FlowableConcatMapSinglePerf.flowableConvert#count=10000,"(5, 100)",0.03499310612720836,500,1257951.1547169813,1255570.6532663316,1260515.5914249686
rxjava#io.reactivex.xmapz.ObservableFlatMapMaybeEmptyPerf.observableDedicated#count=1000000,"(5, 100)",0.035004869483874754,500,104543027.20000002,104425062.4,104687206.4
rxjava#io.reactivex.xmapz.FlowableFlatMapCompletablePerf.flowableConvert#count=1000000,"(5, 100)",0.0833935453963375,500,146594669.71428573,146238902.8571429,146987885.71428573
rxjava#io.reactivex.XMapYPerf.obsFlatMapObservable0#times=10,"(5, 100)",0.34113171123246544,500,150.12752771933776,149.75719904793948,150.75495699952222
rxjava#io.reactivex.OperatorMergePerf.mergeNAsyncStreamsOfN#size=1,"(5, 100)",0.09476941466428442,500,54334.082716586854,53622.551140552605,54718.44715185967
rxjava#io.reactivex.xmapz.FlowableFlatMapMaybePerf.flowablePlain#count=1000000,"(5, 100)",0.004851905603489719,500,23561335.069767445,23546856.18604651,23571622.69767442
rxjava#io.reactivex.StrictPerf.external#count=1&cpu=10,"(5, 100)",0.34626330124449617,500,167.55773893462904,166.91850750495612,167.97710356560574
rxjava#io.reactivex.OperatorFlatMapPerf.flatMapIntPassthruSync#size=1,"(5, 100)",0.6622698642238283,500,51.745080614179955,51.454171604429106,51.906859586433136
rxjava#io.reactivex.xmapz.ObservableFlatMapSinglePerf.observableDedicated#count=10,"(5, 100)",0.12996434589568115,500,1267.1038041028569,1258.0025796365062,1292.0184173487237
rxjava#io.reactivex.BinaryFlatMapPerf.completableFlattenAsObservable#times=1000,"(5, 100)",0.013375587895691732,500,7801.235177223329,7785.920503048312,7823.377243086349
rxjava#io.reactivex.ReducePerf.flowMaybe#times=1000,"(5, 100)",0.07389960256728961,500,7758.1790314316,7740.6711323185045,7774.476661667296
rxjava#io.reactivex.PublishProcessorPerf.subject1#,"(5, 100)",0.06360997022116363,500,41.09195804433463,40.992438820806726,41.241482115239364
rxjava#io.reactivex.FlowableFlatMapCompletableSyncPerf.flatMap#items=1000&maxConcurrency=256,"(5, 100)",0.034724181810010885,500,129421.03872555369,129299.75867072659,129520.59720062211
rxjava#io.reactivex.BinaryFlatMapPerf.singleFlatMapObservable#times=1000000,"(5, 100)",0.02602084082072708,500,7877027.275590551,7873415.055118112,7879542.929133858
rxjava#io.reactivex.xmapz.FlowableSwitchMapMaybePerf.flowableDedicated#count=10000,"(5, 100)",0.04909462006796159,500,619908.6467119665,618247.7575757576,624148.0214441505
rxjava#io.reactivex.RxVsStreamPerf.rangeObservable#times=1000,"(5, 100)",0.08548391194774958,500,8487.098111946125,8473.40501163086,8510.97032696045
rxjava#io.reactivex.XMapYPerf.flowFlatMapMaybeAsFlow1#times=1000,"(5, 100)",0.035535478582393094,500,188490.84809019836,187979.1723100075,188800.16928018132
rxjava#io.reactivex.xmapz.ObservableFlatMapMaybePerf.observableDedicated#count=10000,"(5, 100)",0.09029219792707466,500,1130582.8778280544,1125844.18018018,1141316.96803653
rxjava#io.reactivex.FlowableFlatMapCompletableAsyncPerf.flatMapCompletable#items=1000&maxConcurrency=32&work=1,"(5, 100)",0.037079572697645356,500,2538340.060913706,2530996.172151899,2550533.2244897964
rxjava#io.reactivex.xmapz.ObservableFlatMapSinglePerf.observableDedicated#count=1,"(5, 100)",0.41498127052685135,500,246.43719470026593,245.26191817572095,248.37006757642794
rxjava#io.reactivex.StrictPerf.internal#count=1&cpu=100,"(5, 100)",0.09500462542313252,500,323.44064125594804,322.9348817599938,324.0759859905588
rxjava#io.reactivex.XMapYPerf.flowFlatMapIterable0#times=100,"(5, 100)",0.12828437849362373,500,553.0735979054805,551.2940103220539,554.0436447166921
rxjava#io.reactivex.parallel.ParallelPerf.parallel#compute=10&count=10000&parallelism=2,"(5, 100)",0.07312402014175558,500,2902514.6434782613,2876789.7011494255,2950376.5899705016
rxjava#io.reactivex.xmapz.ObservableConcatMapCompletablePerf.observablePlain#count=10,"(5, 100)",0.12879746415144327,500,503.108330100047,502.2198968232201,504.31416416722783
rxjava#io.reactivex.BinaryFlatMapPerf.singleFlattenAsPublisher#times=1,"(5, 100)",0.41840745943519725,500,94.07352408073444,93.81585589607141,94.36300289380608
rxjava#io.reactivex.xmapz.ObservableConcatMapMaybeEmptyPerf.observableDedicated#count=1000,"(5, 100)",0.01455503948940914,500,71129.24221786376,71108.49935453467,71146.49191537859
rxjava#io.reactivex.FlattenRangePerf.observable#times=1000,"(5, 100)",0.020238449801260768,500,22413.034147066614,22404.538569566408,22426.848806863993
rxjava#io.reactivex.xmapz.FlowableConcatMapMaybeEmptyPerf.flowablePlain#count=1000,"(5, 100)",0.016928094364411256,500,7334.25814878979,7323.519362120013,7342.270359402526
rxjava#io.reactivex.StrictPerf.internal#count=1000&cpu=10,"(5, 100)",0.009211299629518619,500,27470.563406762416,27457.211504121027,27480.358355095697
rxjava#io.reactivex.xmapz.FlowableSwitchMapCompletablePerf.flowableDedicated#count=10,"(5, 100)",0.17200065428646324,500,461.5934223865798,427.7046515054768,462.8956719624704
rxjava#io.reactivex.xmapz.ObservableConcatMapMaybePerf.observableConvert#count=10,"(5, 100)",0.2765687888648153,500,898.5153784993165,895.0393624229765,908.215502043577
rxjava#io.reactivex.XMapYPerf.obsFlatMapIterable0#times=10,"(5, 100)",0.4600870122097388,500,68.34389643973596,68.16954843515293,68.61988135453572
rxjava#io.reactivex.xmapz.ObservableFlatMapMaybePerf.observablePlain#count=10,"(5, 100)",0.1565948300228345,500,380.56970959646355,379.5504721499399,381.97904266282205
rxjava#io.reactivex.FlowableFlatMapCompletableAsyncPerf.flatMapCompletable#items=10&maxConcurrency=256&work=1,"(5, 100)",0.05918870160342224,500,35184.9382115352,34998.184916772385,35377.838317033704
rxjava#io.reactivex.parallel.ParallelPerf.parallel#compute=100&count=10000&parallelism=3,"(5, 100)",0.10868882369265884,500,3715780.0446096654,3662634.197802198,3849814.646153846
rxjava#io.reactivex.RangePerf.rangeSync#times=1000000,"(5, 100)",0.06591296464563595,500,8226480.262295081,8211942.819672132,8241118.426229509
rxjava#io.reactivex.ObservableFlatMapPerf.flatMapXRange#count=100000,"(5, 100)",0.024907304386669937,500,19779985.568627454,19762314.942745097,19792835.764705885
rxjava#io.reactivex.parallel.ParallelPerf.groupBy#compute=1&count=10000&parallelism=3,"(5, 100)",0.21436129605352836,500,5343221.048128342,5159313.154639176,5470521.355191257
rxjava#io.reactivex.xmapz.ObservableSwitchMapCompletablePerf.observableConvert#count=100,"(5, 100)",0.037128974365041666,500,9610.082892277951,9593.856251654128,9624.66765162708
rxjava#io.reactivex.xmapz.ObservableConcatMapCompletablePerf.observableConvert#count=1000000,"(5, 100)",0.06806481937697886,500,62291968.0,62212939.29411765,62462554.35294117
rxjava#io.reactivex.XMapYPerf.obsFlatMapMaybe1#times=10,"(5, 100)",0.14747171665019754,500,1272.1209016664243,1264.2222955774196,1294.3644122906846
rxjava#io.reactivex.XMapYPerf.obsFlatMapSingleAsObs1#times=1,"(5, 100)",0.7827059619603787,500,88.7721507519455,88.59026564207096,88.98470505875923
rxjava#io.reactivex.xmapz.ObservableConcatMapSinglePerf.observableDedicated#count=10000,"(5, 100)",0.004689500267686696,500,934796.6803738319,934735.431775701,934854.1224672898
rxjava#io.reactivex.xmapz.FlowableFlatMapMaybePerf.flowableConvert#count=100000,"(5, 100)",0.030799451251756142,500,18645295.40740741,18630125.037037037,18659252.14814815
rxjava#io.reactivex.xmapz.ObservableFlatMapMaybeEmptyPerf.observableConvert#count=100000,"(5, 100)",0.029560133614044155,500,13686950.054054055,13659052.972972974,13710602.520547945
rxjava#io.reactivex.xmapz.ObservableSwitchMapMaybeEmptyPerf.observableConvert#count=100,"(5, 100)",0.046148716886065866,500,9801.16433781763,9782.602718997325,9812.122080736963
rxjava#io.reactivex.xmapz.ObservableSwitchMapSinglePerf.observableConvert#count=1000,"(5, 100)",0.03997142597619167,500,123420.92132888726,123344.65169094052,123524.65166872684
rxjava#io.reactivex.XMapYPerf.flowFlatMapIterable0#times=100000,"(5, 100)",0.00532624969367847,500,413445.6654336717,413406.02893757756,413564.1854304636
rxjava#io.reactivex.BinaryFlatMapPerf.singleFlattenAsObservable#times=1,"(5, 100)",0.44365915700166136,500,46.444011950716174,46.32671998823825,46.55191256830601
rxjava#io.reactivex.xmapz.FlowableSwitchMapMaybePerf.flowablePlain#count=1,"(5, 100)",0.5278374767044417,500,62.98640200483966,61.62595433280549,64.06018458261383
rxjava#io.reactivex.FlattenCrossMapPerf.flowable#times=1000,"(5, 100)",0.005317840099366478,500,16117825.015873019,16115874.53968254,16120295.61904762
rxjava#io.reactivex.xmapz.ObservableSwitchMapMaybePerf.observableConvert#count=1000000,"(5, 100)",0.08607477612834945,500,125124608.00000004,124751380.48,125722664.96000002
rxjava#io.reactivex.FlowableFlatMapCompletableAsyncPerf.flatMapCompletable#items=10000&maxConcurrency=1&work=1000,"(5, 100)",0.07330834484390962,500,618135552.0,614465536.0,626262016.0
rxjava#io.reactivex.ToFlowablePerf.flowable#times=1000,"(5, 100)",0.042790752598866985,500,4234.428698111361,4230.393380132184,4236.69572580143
rxjava#io.reactivex.xmapz.FlowableFlatMapCompletablePerf.flowablePlain#count=100000,"(5, 100)",0.3616313521434202,500,507716.7780599289,507639.0328527919,507887.34112862224
rxjava#io.reactivex.FlowableFlatMapCompletableAsyncPerf.flatMapCompletable#items=1&maxConcurrency=1&work=1,"(5, 100)",0.15678573951261782,500,51600.70269751218,50922.4200608828,52291.463275408314
rxjava#io.reactivex.FlattenRangePerf.observable#times=1000000,"(5, 100)",0.05688452147979132,500,25688011.48717949,25652722.871794876,25704395.487179488
rxjava#io.reactivex.xmapz.ObservableSwitchMapSinglePerf.observablePlain#count=10000,"(5, 100)",0.02819944413002957,500,802456.4708228863,802020.2054210105,803048.3608773557
rxjava#io.reactivex.xmapz.ObservableConcatMapCompletablePerf.observablePlain#count=100000,"(5, 100)",0.07205089502956433,500,3768296.9022556394,3765933.233082707,3786969.212121212
rxjava#io.reactivex.FlowableFlatMapCompletableAsyncPerf.flatMapCompletable#items=100000&maxConcurrency=128&work=10,"(5, 100)",0.04642433332713608,500,252097331.20000002,250937344.0,253132800.0
rxjava#io.reactivex.CallableAsyncPerf.observeOnObservable#,"(5, 100)",0.16380883024456785,500,9554.260756112071,9372.251113291572,9707.00474412817
rxjava#io.reactivex.xmapz.ObservableFlatMapMaybePerf.observablePlain#count=100000,"(5, 100)",0.031354537030094484,500,2497027.830423941,2495373.087281796,2499246.08
rxjava#io.reactivex.FlowableFlatMapCompletableAsyncPerf.flatMapCompletable#items=10000&maxConcurrency=8&work=1,"(5, 100)",0.04027063354900175,500,26115255.794871796,26018203.700512823,26186253.128205128
rxjava#io.reactivex.xmapz.FlowableFlatMapSinglePerf.flowableConvert#count=100000,"(5, 100)",0.04641022715786531,500,18435276.800000004,18417701.236363634,18451362.909090918
rxjava#io.reactivex.XMapYPerf.flowFlatMapMaybe0#times=10,"(5, 100)",0.14763092212303913,500,1307.2798781217648,1295.6129351085178,1323.4571318156675
rxjava#io.reactivex.FlattenCrossMapPerf.flowable#times=1,"(5, 100)",0.032828136817256624,500,9770192.776699029,9758978.485436894,9781088.932038834
rxjava#io.reactivex.xmapz.ObservableFlatMapMaybePerf.observableConvert#count=10,"(5, 100)",0.11698121149171056,500,1901.78072085815,1893.486028937965,1905.625521659907
rxjava#io.reactivex.XMapYPerf.obsFlatMapObservable0#times=1000,"(5, 100)",0.020593981055502353,500,3538.424170891507,3536.9312935577673,3540.221020615073
rxjava#io.reactivex.parallel.ParallelPerf.parallel#compute=10000&count=10000&parallelism=1,"(5, 100)",0.02639605264762892,500,277086208.00000006,276955136.0,277217280.0
rxjava#io.reactivex.BlockingGetPerf.single#,"(5, 100)",0.41308530952261135,500,52.21709310566797,51.93964473420899,52.50183021601306
rxjava#io.reactivex.xmapz.FlowableConcatMapSinglePerf.flowableConvert#count=1000000,"(5, 100)",0.058325142368184466,500,126345216.0,126205952.0,126582784.0
rxjava#io.reactivex.xmapz.FlowableConcatMapCompletablePerf.flowablePlain#count=10,"(5, 100)",0.23442826334222436,500,230.96817098503072,230.292279445224,231.5161205200725
rxjava#io.reactivex.parallel.ParallelPerf.flatMap#compute=10000&count=10000&parallelism=4,"(5, 100)",0.01534726226896189,500,296222720.00000006,295698432.0,296812544.00000006
rxjava#io.reactivex.RxVsStreamPerf.range#times=1000000,"(5, 100)",0.19873252535304414,500,7673996.702290077,7564357.293233083,8018067.456
rxjava#io.reactivex.xmapz.FlowableSwitchMapCompletablePerf.flowableConvert#count=1000,"(5, 100)",0.10873893158162364,500,220667.28104941305,220460.98213103903,221112.68871059653
rxjava#io.reactivex.FlowableFlatMapCompletableAsyncPerf.flatMapCompletable#items=10&maxConcurrency=8&work=100,"(5, 100)",0.058391211219528234,500,34630.137032774466,34421.071337494126,34763.96228752322
rxjava#io.reactivex.xmapz.FlowableFlatMapSinglePerf.flowablePlain#count=1000000,"(5, 100)",0.0056218142922185065,500,23531996.27906977,23506086.69767442,23550285.39534884
rxjava#io.reactivex.xmapz.ObservableConcatMapCompletablePerf.observablePlain#count=1000000,"(5, 100)",0.004710010349480932,500,37580041.481481485,37576400.59259259,37590964.14814816
rxjava#io.reactivex.BlockingPerf.observableBlockingLast#times=1000,"(5, 100)",0.025944455318762456,500,2141.472590528241,2137.785728834273,2146.014938548245
rxjava#io.reactivex.FlowableFlatMapCompletableSyncPerf.flatMap#items=10&maxConcurrency=1,"(5, 100)",0.08021488021883276,500,1683.4224785522674,1680.7831741915222,1687.4247526291254
rxjava#io.reactivex.xmapz.FlowableFlatMapCompletablePerf.flowablePlain#count=100,"(5, 100)",0.09257506978398117,500,1101.3897006957745,1098.9106039490457,1106.5456609142016
rxjava#io.reactivex.BinaryFlatMapPerf.singleFlatMapHideObservable#times=1000000,"(5, 100)",0.01364095505998078,500,8898541.876106195,8862584.07079646,8905138.973451328
rxjava#io.reactivex.StrictPerf.internal#count=1000000&cpu=1,"(5, 100)",0.0062287223651880256,500,9153442.90909091,9130430.836363638,9156570.763636362
rxjava#io.reactivex.parallel.ParallelPerf.groupBy#compute=10000&count=10000&parallelism=2,"(5, 100)",0.05101819482105041,500,151182189.71428573,150077440.0,152118418.2857143
rxjava#io.reactivex.xmapz.ObservableConcatMapMaybePerf.observablePlain#count=100,"(5, 100)",0.13919861159250407,500,6137.8432067456215,6120.707363601679,6146.43576380588
rxjava#io.reactivex.FlowableFlatMapCompletableAsyncPerf.flatMapCompletable#items=100&maxConcurrency=32&work=100,"(5, 100)",0.04084551280082495,500,259432.3496617846,258401.9415337092,260666.05427974957
rxjava#io.reactivex.XMapYPerf.obsFlatMapMaybe1#times=100000,"(5, 100)",0.03529754285308707,500,11363421.090909092,11347668.853932584,11390045.09090909
rxjava#io.reactivex.JustAsyncPerf.pipelineFlowable#,"(5, 100)",0.12376491005662618,500,22352.121896581033,22222.736225296503,22581.16750325248
rxjava#io.reactivex.FlowableFlatMapCompletableAsyncPerf.flatMapCompletable#items=100&maxConcurrency=128&work=1,"(5, 100)",0.05106671113680763,500,259049.79268304986,258116.71692069236,260142.52121843272
rxjava#io.reactivex.ObservableFlatMapPerf.flatMapXRange#count=100,"(5, 100)",0.013658532463951928,500,10332730.06185567,10324284.701030929,10357728.329896908
rxjava#io.reactivex.xmapz.FlowableFlatMapCompletablePerf.flowableConvert#count=10,"(5, 100)",0.0910484517290793,500,1747.4878132199522,1734.2233636101655,1764.4306403509056
rxjava#io.reactivex.parallel.ParallelPerf.parallel#compute=1&count=10000&parallelism=4,"(5, 100)",0.3861812811163854,500,4277934.1601666305,4150898.843052022,4587183.449708853
rxjava#io.reactivex.xmapz.ObservableSwitchMapSinglePerf.observableConvert#count=10,"(5, 100)",0.09973378228698628,500,1399.9245146126566,1381.1936996373547,1410.5902487772892
rxjava#io.reactivex.FlowableFlatMapCompletableAsyncPerf.flatMapCompletable#items=10000&maxConcurrency=256&work=10,"(5, 100)",0.03698913898466107,500,25558220.8,25448445.952000003,25634658.461538456
rxjava#io.reactivex.XMapYPerf.obsFlatMapObservable0#times=100000,"(5, 100)",0.006314261690981052,500,344478.3668965518,344470.2455172414,344487.1953655173
rxjava#io.reactivex.PublishProcessorPerf.subject1m#,"(5, 100)",0.00730866068501706,500,10574406.063157896,10541982.989473684,10575095.915789474
rxjava#io.reactivex.StrictPerf.internal#count=100&cpu=10,"(5, 100)",0.018509343809580428,500,2818.0933440864055,2816.0127092097023,2819.753460929307
rxjava#io.reactivex.FlowableFlatMapCompletableAsyncPerf.flatMapCompletable#items=1000&maxConcurrency=1&work=100,"(5, 100)",0.07538908478542959,500,58121329.77777777,57697166.22222223,58620177.066666655
rxjava#io.reactivex.FlowableFlatMapCompletableSyncPerf.flatMapCompletable#items=1000000&maxConcurrency=32,"(5, 100)",0.036978095177371606,500,99793454.54545456,99626635.63636364,99981721.6
rxjava#io.reactivex.StrictPerf.external#count=100000&cpu=1,"(5, 100)",0.004269039690973477,500,2392563.7511961726,2392083.573588517,2392955.71291866
rxjava#io.reactivex.xmapz.ObservableConcatMapMaybeEmptyPerf.observableConvert#count=1,"(5, 100)",0.9495477673999183,500,95.96840303627977,95.62200470615463,96.43132476739038
rxjava#io.reactivex.xmapz.FlowableConcatMapCompletablePerf.flowableConvert#count=1000,"(5, 100)",0.030289441997110905,500,89735.17659619861,89649.7528116345,89776.91038445875
rxjava#io.reactivex.XMapYPerf.obsFlatMapSingleAsObs1#times=100,"(5, 100)",0.04425677506405422,500,17393.36729154879,17369.123794032923,17424.484445828573
rxjava#io.reactivex.xmapz.ObservableConcatMapSinglePerf.observableConvert#count=1000000,"(5, 100)",0.1385749869536456,500,78048334.76923078,77796273.23076923,78522210.46153846
rxjava#io.reactivex.OperatorFlatMapPerf.flatMapIntPassthruSync#size=1000000,"(5, 100)",0.04451168663820383,500,24030646.85714286,23996318.476190478,24060684.190476194
rxjava#io.reactivex.xmapz.ObservableFlatMapCompletablePerf.observableDedicated#count=10000,"(5, 100)",0.039227293469063534,500,896100.0143369175,894660.007155635,899094.1007194244
rxjava#io.reactivex.xmapz.ObservableSwitchMapMaybeEmptyPerf.observableDedicated#count=1000,"(5, 100)",0.034090809599397545,500,41262.22238164603,41221.82490026069,41303.57049556096
rxjava#io.reactivex.FlowableFlatMapCompletableSyncPerf.flatMap#items=100&maxConcurrency=8,"(5, 100)",0.06446599300502008,500,14702.829500840733,14589.480464650422,14783.843780692125
rxjava#io.reactivex.XMapYPerf.obsFlatMapCompletable0#times=1000000,"(5, 100)",0.04075600884089086,500,90880558.54545456,90685440.0,91053335.27272727
rxjava#io.reactivex.StrictPerf.internal#count=10000&cpu=10,"(5, 100)",0.009038729626371405,500,274795.300330033,274655.1263362095,274914.4209078405
rxjava#io.reactivex.xmapz.FlowableSwitchMapSinglePerf.flowableConvert#count=1000000,"(5, 100)",0.09929833969129503,500,130293760.0,129728512.0,131309568.0
